0.00000e+000 -5.00000e-002
1.00000e-006 -4.57219e+000
2.00000e-006 -4.57590e+000
3.00000e-006 -4.52412e+000
4.00000e-006 -4.46945e+000
5.00000e-006 -4.41505e+000
6.00000e-006 -4.36107e+000
7.00000e-006 -4.30753e+000
8.00000e-006 -4.25446e+000
9.00000e-006 -4.20193e+000
1.00000e-005 -4.14998e+000
1.10000e-005 -4.09868e+000
1.20000e-005 -4.04808e+000
1.30000e-005 -3.99822e+000
1.40000e-005 -3.94915e+000
1.50000e-005 -3.90089e+000
1.60000e-005 -3.85347e+000
1.70000e-005 -3.80690e+000
1.80000e-005 -3.76121e+000
1.90000e-005 -3.71639e+000
2.00000e-005 -3.67245e+000
2.10000e-005 -3.62938e+000
2.20000e-005 -3.58717e+000
2.30000e-005 -3.54583e+000
2.40000e-005 -3.50534e+000
2.50000e-005 -3.46568e+000
2.60000e-005 -3.42683e+000
2.70000e-005 -3.38880e+000
2.80000e-005 -3.35155e+000
2.90000e-005 -3.31507e+000
3.00000e-005 -3.27934e+000
3.10000e-005 -3.24435e+000
3.20000e-005 -3.21007e+000
3.30000e-005 -3.17649e+000
3.40000e-005 -3.14358e+000
3.50000e-005 -3.11134e+000
3.60000e-005 -3.07974e+000
3.70000e-005 -3.04876e+000
3.80000e-005 -3.01840e+000
3.90000e-005 -2.98862e+000
4.00000e-005 -2.95941e+000
4.10000e-005 -2.93077e+000
4.20000e-005 -2.90267e+000
4.30000e-005 -2.87509e+000
4.40000e-005 -2.84803e+000
4.50000e-005 -2.82146e+000
4.60000e-005 -2.79538e+000
4.70000e-005 -2.76977e+000
4.80000e-005 -2.74462e+000
4.90000e-005 -2.71991e+000
5.00000e-005 -2.69564e+000
5.10000e-005 -2.67178e+000
5.20000e-005 -2.64834e+000
5.30000e-005 -2.62530e+000
5.40000e-005 -2.60264e+000
5.50000e-005 -2.58036e+000
5.60000e-005 -2.55845e+000
5.70000e-005 -2.53690e+000
5.80000e-005 -2.51569e+000
5.90000e-005 -2.49483e+000
6.00000e-005 -2.47429e+000
6.10000e-005 -2.45408e+000
6.20000e-005 -2.43419e+000
6.30000e-005 -2.41460e+000
6.40000e-005 -2.39531e+000
6.50000e-005 -2.37631e+000
6.60000e-005 -2.35759e+000
6.70000e-005 -2.33916e+000
6.80000e-005 -2.32099e+000
6.90000e-005 -2.30309e+000
7.00000e-005 -2.28545e+000
7.10000e-005 -2.26806e+000
7.20000e-005 -2.25092e+000
7.30000e-005 -2.23401e+000
7.40000e-005 -2.21735e+000
7.50000e-005 -2.20091e+000
7.60000e-005 -2.18470e+000
7.70000e-005 -2.16871e+000
7.80000e-005 -2.15293e+000
7.90000e-005 -2.13737e+000
8.00000e-005 -2.12201e+000
8.10000e-005 -2.10685e+000
8.20000e-005 -2.09189e+000
8.30000e-005 -2.07712e+000
8.40000e-005 -2.06254e+000
8.50000e-005 -2.04815e+000
8.60000e-005 -2.03394e+000
8.70000e-005 -2.01990e+000
8.80000e-005 -2.00604e+000
8.90000e-005 -1.99235e+000
9.00000e-005 -1.97883e+000
9.10000e-005 -1.96547e+000
9.20000e-005 -1.95227e+000
9.30000e-005 -1.93923e+000
9.40000e-005 -1.92635e+000
9.50000e-005 -1.91361e+000
9.60000e-005 -1.90103e+000
9.70000e-005 -1.88859e+000
9.80000e-005 -1.87629e+000
9.90000e-005 -1.86413e+000
1.00000e-004 -1.85212e+000
1.01000e-004 -1.84023e+000
1.02000e-004 -1.82848e+000
1.03000e-004 -1.81687e+000
1.04000e-004 -1.80538e+000
1.05000e-004 -1.79401e+000
1.06000e-004 -1.78277e+000
1.07000e-004 -1.77165e+000
1.08000e-004 -1.76065e+000
1.09000e-004 -1.74977e+000
1.10000e-004 -1.73901e+000
1.11000e-004 -1.72835e+000
1.12000e-004 -1.71781e+000
1.13000e-004 -1.70738e+000
1.14000e-004 -1.69706e+000
1.15000e-004 -1.68684e+000
1.16000e-004 -1.67673e+000
1.17000e-004 -1.66672e+000
1.18000e-004 -1.65681e+000
1.19000e-004 -1.64700e+000
1.20000e-004 -1.63729e+000
1.21000e-004 -1.62768e+000
1.22000e-004 -1.61816e+000
1.23000e-004 -1.60873e+000
1.24000e-004 -1.59940e+000
1.25000e-004 -1.59016e+000
1.26000e-004 -1.58100e+000
1.27000e-004 -1.57193e+000
1.28000e-004 -1.56296e+000
1.29000e-004 -1.55406e+000
1.30000e-004 -1.54525e+000
1.31000e-004 -1.53652e+000
1.32000e-004 -1.52788e+000
1.33000e-004 -1.51931e+000
1.34000e-004 -1.51082e+000
1.35000e-004 -1.50242e+000
1.36000e-004 -1.49408e+000
1.37000e-004 -1.48583e+000
1.38000e-004 -1.47765e+000
1.39000e-004 -1.46954e+000
1.40000e-004 -1.46151e+000
1.41000e-004 -1.45354e+000
1.42000e-004 -1.44565e+000
1.43000e-004 -1.43783e+000
1.44000e-004 -1.43008e+000
1.45000e-004 -1.42239e+000
1.46000e-004 -1.41477e+000
1.47000e-004 -1.40722e+000
1.48000e-004 -1.39973e+000
1.49000e-004 -1.39231e+000
1.50000e-004 -1.38495e+000
1.51000e-004 -1.37765e+000
1.52000e-004 -1.37042e+000
1.53000e-004 -1.36324e+000
1.54000e-004 -1.35613e+000
1.55000e-004 -1.34907e+000
1.56000e-004 -1.34208e+000
1.57000e-004 -1.33514e+000
1.58000e-004 -1.32826e+000
1.59000e-004 -1.32144e+000
1.60000e-004 -1.31467e+000
1.61000e-004 -1.30796e+000
1.62000e-004 -1.30130e+000
1.63000e-004 -1.29469e+000
1.64000e-004 -1.28814e+000
1.65000e-004 -1.28164e+000
1.66000e-004 -1.27520e+000
1.67000e-004 -1.26880e+000
1.68000e-004 -1.26246e+000
1.69000e-004 -1.25616e+000
1.70000e-004 -1.24992e+000
1.71000e-004 -1.24372e+000
1.72000e-004 -1.23757e+000
1.73000e-004 -1.23147e+000
1.74000e-004 -1.22542e+000
1.75000e-004 -1.21941e+000
1.76000e-004 -1.21345e+000
1.77000e-004 -1.20754e+000
1.78000e-004 -1.20167e+000
1.79000e-004 -1.19584e+000
1.80000e-004 -1.19006e+000
1.81000e-004 -1.18432e+000
1.82000e-004 -1.17863e+000
1.83000e-004 -1.17298e+000
1.84000e-004 -1.16737e+000
1.85000e-004 -1.16180e+000
1.86000e-004 -1.15627e+000
1.87000e-004 -1.15079e+000
1.88000e-004 -1.14534e+000
1.89000e-004 -1.13994e+000
1.90000e-004 -1.13457e+000
1.91000e-004 -1.12924e+000
1.92000e-004 -1.12396e+000
1.93000e-004 -1.11871e+000
1.94000e-004 -1.11349e+000
1.95000e-004 -1.10832e+000
1.96000e-004 -1.10318e+000
1.97000e-004 -1.09808e+000
1.98000e-004 -1.09302e+000
1.99000e-004 -1.08799e+000
2.00000e-004 -1.08299e+000
2.01000e-004 -1.07804e+000
2.02000e-004 -1.07311e+000
2.03000e-004 -1.06822e+000
2.04000e-004 -1.06337e+000
2.05000e-004 -1.05855e+000
2.06000e-004 -1.05376e+000
2.07000e-004 -1.04901e+000
2.08000e-004 -1.04428e+000
2.09000e-004 -1.03960e+000
2.10000e-004 -1.03494e+000
2.11000e-004 -1.03031e+000
2.12000e-004 -1.02572e+000
2.13000e-004 -1.02116e+000
2.14000e-004 -1.01663e+000
2.15000e-004 -1.01213e+000
2.16000e-004 -1.00766e+000
2.17000e-004 -1.00322e+000
2.18000e-004 -9.98805e-001
2.19000e-004 -9.94424e-001
2.20000e-004 -9.90073e-001
2.21000e-004 -9.85750e-001
2.22000e-004 -9.81455e-001
2.23000e-004 -9.77189e-001
2.24000e-004 -9.72952e-001
2.25000e-004 -9.68742e-001
2.26000e-004 -9.64559e-001
2.27000e-004 -9.60404e-001
2.28000e-004 -9.56276e-001
2.29000e-004 -9.52175e-001
2.30000e-004 -9.48101e-001
2.31000e-004 -9.44053e-001
2.32000e-004 -9.40031e-001
2.33000e-004 -9.36035e-001
2.34000e-004 -9.32065e-001
2.35000e-004 -9.28120e-001
2.36000e-004 -9.24200e-001
2.37000e-004 -9.20305e-001
2.38000e-004 -9.16435e-001
2.39000e-004 -9.12590e-001
2.40000e-004 -9.08769e-001
2.41000e-004 -9.04972e-001
2.42000e-004 -9.01199e-001
2.43000e-004 -8.97449e-001
2.44000e-004 -8.93723e-001
2.45000e-004 -8.90021e-001
2.46000e-004 -8.86341e-001
2.47000e-004 -8.82685e-001
2.48000e-004 -8.79051e-001
2.49000e-004 -8.75439e-001
2.50000e-004 -8.71850e-001
2.51000e-004 -8.68283e-001
2.52000e-004 -8.64738e-001
2.53000e-004 -8.61215e-001
2.54000e-004 -8.57713e-001
2.55000e-004 -8.54233e-001
2.56000e-004 -8.50774e-001
2.57000e-004 -8.47336e-001
2.58000e-004 -8.43919e-001
2.59000e-004 -8.40522e-001
2.60000e-004 -8.37146e-001
2.61000e-004 -8.33791e-001
2.62000e-004 -8.30455e-001
2.63000e-004 -8.27140e-001
2.64000e-004 -8.23844e-001
2.65000e-004 -8.20568e-001
2.66000e-004 -8.17312e-001
2.67000e-004 -8.14075e-001
2.68000e-004 -8.10858e-001
2.69000e-004 -8.07659e-001
2.70000e-004 -8.04480e-001
2.71000e-004 -8.01319e-001
2.72000e-004 -7.98177e-001
2.73000e-004 -7.95053e-001
2.74000e-004 -7.91947e-001
2.75000e-004 -7.88860e-001
2.76000e-004 -7.85791e-001
2.77000e-004 -7.82740e-001
2.78000e-004 -7.79706e-001
2.79000e-004 -7.76691e-001
2.80000e-004 -7.73692e-001
2.81000e-004 -7.70711e-001
2.82000e-004 -7.67748e-001
2.83000e-004 -7.64801e-001
2.84000e-004 -7.61871e-001
2.85000e-004 -7.58959e-001
2.86000e-004 -7.56063e-001
2.87000e-004 -7.53183e-001
2.88000e-004 -7.50320e-001
2.89000e-004 -7.47473e-001
2.90000e-004 -7.44643e-001
2.91000e-004 -7.41828e-001
2.92000e-004 -7.39030e-001
2.93000e-004 -7.36247e-001
2.94000e-004 -7.33481e-001
2.95000e-004 -7.30729e-001
2.96000e-004 -7.27994e-001
2.97000e-004 -7.25273e-001
2.98000e-004 -7.22568e-001
2.99000e-004 -7.19878e-001
3.00000e-004 -7.17204e-001
3.01000e-004 -7.14544e-001
3.02000e-004 -7.11899e-001
3.03000e-004 -7.09268e-001
3.04000e-004 -7.06653e-001
3.05000e-004 -7.04052e-001
3.06000e-004 -7.01465e-001
3.07000e-004 -6.98892e-001
3.08000e-004 -6.96334e-001
3.09000e-004 -6.93790e-001
3.10000e-004 -6.91260e-001
3.11000e-004 -6.88744e-001
3.12000e-004 -6.86241e-001
3.13000e-004 -6.83752e-001
3.14000e-004 -6.81277e-001
3.15000e-004 -6.78816e-001
3.16000e-004 -6.76367e-001
3.17000e-004 -6.73933e-001
3.18000e-004 -6.71511e-001
3.19000e-004 -6.69103e-001
3.20000e-004 -6.66707e-001
3.21000e-004 -6.64325e-001
3.22000e-004 -6.61955e-001
3.23000e-004 -6.59598e-001
3.24000e-004 -6.57254e-001
3.25000e-004 -6.54923e-001
3.26000e-004 -6.52604e-001
3.27000e-004 -6.50297e-001
3.28000e-004 -6.48003e-001
3.29000e-004 -6.45721e-001
3.30000e-004 -6.43451e-001
3.31000e-004 -6.41193e-001
3.32000e-004 -6.38948e-001
3.33000e-004 -6.36714e-001
3.34000e-004 -6.34492e-001
3.35000e-004 -6.32282e-001
3.36000e-004 -6.30084e-001
3.37000e-004 -6.27897e-001
3.38000e-004 -6.25722e-001
3.39000e-004 -6.23558e-001
3.40000e-004 -6.21406e-001
3.41000e-004 -6.19265e-001
3.42000e-004 -6.17135e-001
3.43000e-004 -6.15016e-001
3.44000e-004 -6.12909e-001
3.45000e-004 -6.10812e-001
3.46000e-004 -6.08726e-001
3.47000e-004 -6.06652e-001
3.48000e-004 -6.04588e-001
3.49000e-004 -6.02535e-001
3.50000e-004 -6.00492e-001
3.51000e-004 -5.98460e-001
3.52000e-004 -5.96439e-001
3.53000e-004 -5.94428e-001
3.54000e-004 -5.92427e-001
3.55000e-004 -5.90437e-001
3.56000e-004 -5.88457e-001
3.57000e-004 -5.86487e-001
3.58000e-004 -5.84528e-001
3.59000e-004 -5.82578e-001
3.60000e-004 -5.80638e-001
3.61000e-004 -5.78709e-001
3.62000e-004 -5.76789e-001
3.63000e-004 -5.74879e-001
3.64000e-004 -5.72979e-001
3.65000e-004 -5.71088e-001
3.66000e-004 -5.69207e-001
3.67000e-004 -5.67336e-001
3.68000e-004 -5.65474e-001
3.69000e-004 -5.63622e-001
3.70000e-004 -5.61779e-001
3.71000e-004 -5.59945e-001
3.72000e-004 -5.58121e-001
3.73000e-004 -5.56305e-001
3.74000e-004 -5.54499e-001
3.75000e-004 -5.52702e-001
3.76000e-004 -5.50914e-001
3.77000e-004 -5.49135e-001
3.78000e-004 -5.47365e-001
3.79000e-004 -5.45604e-001
3.80000e-004 -5.43852e-001
3.81000e-004 -5.42108e-001
3.82000e-004 -5.40374e-001
3.83000e-004 -5.38647e-001
3.84000e-004 -5.36930e-001
3.85000e-004 -5.35221e-001
3.86000e-004 -5.33520e-001
3.87000e-004 -5.31828e-001
3.88000e-004 -5.30145e-001
3.89000e-004 -5.28469e-001
3.90000e-004 -5.26802e-001
3.91000e-004 -5.25144e-001
3.92000e-004 -5.23493e-001
3.93000e-004 -5.21851e-001
3.94000e-004 -5.20216e-001
3.95000e-004 -5.18590e-001
3.96000e-004 -5.16972e-001
3.97000e-004 -5.15362e-001
3.98000e-004 -5.13759e-001
3.99000e-004 -5.12165e-001
4.00000e-004 -5.10578e-001
4.01000e-004 -5.08999e-001
4.02000e-004 -5.07428e-001
4.03000e-004 -5.05864e-001
4.04000e-004 -5.04309e-001
4.05000e-004 -5.02760e-001
4.06000e-004 -5.01220e-001
4.07000e-004 -1.00000e+000
4.08000e-004 -1.00000e+000
4.09000e-004 -1.00000e+000
4.10000e-004 -1.00000e+000
4.11000e-004 -1.00000e+000
4.12000e-004 -1.00000e+000
4.13000e-004 -1.00000e+000
4.14000e-004 -1.00000e+000
4.15000e-004 -1.00000e+000
4.16000e-004 -1.00000e+000
4.17000e-004 -1.00000e+000
4.18000e-004 -1.00000e+000
4.19000e-004 -1.00000e+000
4.20000e-004 -1.00000e+000
4.21000e-004 -1.00000e+000
4.22000e-004 -1.00000e+000
4.23000e-004 -1.00000e+000
4.24000e-004 -1.00000e+000
4.25000e-004 -1.00000e+000
4.26000e-004 -1.00000e+000
4.27000e-004 -1.00000e+000
4.28000e-004 -1.00000e+000
4.29000e-004 -1.00000e+000
4.30000e-004 -1.00000e+000
4.31000e-004 -1.00000e+000
4.32000e-004 -1.00000e+000
4.33000e-004 -1.00000e+000
4.34000e-004 -1.00000e+000
4.35000e-004 -1.00000e+000
4.36000e-004 -1.00000e+000
4.37000e-004 -1.00000e+000
4.38000e-004 -1.00000e+000
4.39000e-004 -1.00000e+000
4.40000e-004 -1.00000e+000
4.41000e-004 -1.00000e+000
4.42000e-004 -1.00000e+000
4.43000e-004 -1.00000e+000
4.44000e-004 -1.00000e+000
4.45000e-004 -1.00000e+000
4.46000e-004 -1.00000e+000
4.47000e-004 -1.00000e+000
4.48000e-004 -1.00000e+000
4.49000e-004 -1.00000e+000
4.50000e-004 -1.00000e+000
4.51000e-004 -1.00000e+000
4.52000e-004 -1.00000e+000
4.53000e-004 -1.00000e+000
4.54000e-004 -1.00000e+000
4.55000e-004 -1.00000e+000
4.56000e-004 -1.00000e+000
4.57000e-004 -1.00000e+000
4.58000e-004 -1.00000e+000
4.59000e-004 -1.00000e+000
4.60000e-004 -1.00000e+000
4.61000e-004 -1.00000e+000
4.62000e-004 -1.00000e+000
4.63000e-004 -1.00000e+000
4.64000e-004 -1.00000e+000
4.65000e-004 -1.00000e+000
4.66000e-004 -1.00000e+000
4.67000e-004 -1.00000e+000
4.68000e-004 -1.00000e+000
4.69000e-004 -1.00000e+000
4.70000e-004 -1.00000e+000
4.71000e-004 -1.00000e+000
4.72000e-004 -1.00000e+000
4.73000e-004 -1.00000e+000
4.74000e-004 -1.00000e+000
4.75000e-004 -1.00000e+000
4.76000e-004 -1.00000e+000
4.77000e-004 -1.00000e+000
4.78000e-004 -1.00000e+000
4.79000e-004 -1.00000e+000
4.80000e-004 -1.00000e+000
4.81000e-004 -1.00000e+000
4.82000e-004 -1.00000e+000
4.83000e-004 -1.00000e+000
4.84000e-004 -1.00000e+000
4.85000e-004 -1.00000e+000
4.86000e-004 -1.00000e+000
4.87000e-004 -1.00000e+000
4.88000e-004 -1.00000e+000
4.89000e-004 -1.00000e+000
4.90000e-004 -1.00000e+000
4.91000e-004 -1.00000e+000
4.92000e-004 -1.00000e+000
4.93000e-004 -1.00000e+000
4.94000e-004 -1.00000e+000
4.95000e-004 -1.00000e+000
4.96000e-004 -1.00000e+000
4.97000e-004 -1.00000e+000
4.98000e-004 -1.00000e+000
4.99000e-004 -1.00000e+000
5.00000e-004 -1.00000e+000
5.01000e-004 -1.00000e+000
5.02000e-004 -1.00000e+000
5.03000e-004 -1.00000e+000
5.04000e-004 -1.00000e+000
5.05000e-004 -1.00000e+000
5.06000e-004 5.00000e-002
