0.00000e+000 -5.00000e-002
1.00000e-006 -4.46524e+000
2.00000e-006 -4.46966e+000
3.00000e-006 -4.41229e+000
4.00000e-006 -4.35193e+000
5.00000e-006 -4.29254e+000
6.00000e-006 -4.23431e+000
7.00000e-006 -4.17721e+000
8.00000e-006 -4.12121e+000
9.00000e-006 -4.06632e+000
1.00000e-005 -4.01253e+000
1.10000e-005 -3.95985e+000
1.20000e-005 -3.90828e+000
1.30000e-005 -3.85782e+000
1.40000e-005 -3.80847e+000
1.50000e-005 -3.76021e+000
1.60000e-005 -3.71304e+000
1.70000e-005 -3.66693e+000
1.80000e-005 -3.62187e+000
1.90000e-005 -3.57783e+000
2.00000e-005 -3.53481e+000
2.10000e-005 -3.49277e+000
2.20000e-005 -3.45168e+000
2.30000e-005 -3.41154e+000
2.40000e-005 -3.37230e+000
2.50000e-005 -3.33394e+000
2.60000e-005 -3.29645e+000
2.70000e-005 -3.25978e+000
2.80000e-005 -3.22393e+000
2.90000e-005 -3.18886e+000
3.00000e-005 -3.15455e+000
3.10000e-005 -3.12098e+000
3.20000e-005 -3.08812e+000
3.30000e-005 -3.05596e+000
3.40000e-005 -3.02447e+000
3.50000e-005 -2.99362e+000
3.60000e-005 -2.96341e+000
3.70000e-005 -2.93381e+000
3.80000e-005 -2.90480e+000
3.90000e-005 -2.87636e+000
4.00000e-005 -2.84848e+000
4.10000e-005 -2.82114e+000
4.20000e-005 -2.79432e+000
4.30000e-005 -2.76801e+000
4.40000e-005 -2.74220e+000
4.50000e-005 -2.71685e+000
4.60000e-005 -2.69198e+000
4.70000e-005 -2.66755e+000
4.80000e-005 -2.64356e+000
4.90000e-005 -2.62000e+000
5.00000e-005 -2.59684e+000
5.10000e-005 -2.57409e+000
5.20000e-005 -2.55173e+000
5.30000e-005 -2.52975e+000
5.40000e-005 -2.50813e+000
5.50000e-005 -2.48688e+000
5.60000e-005 -2.46597e+000
5.70000e-005 -2.44541e+000
5.80000e-005 -2.42517e+000
5.90000e-005 -2.40525e+000
6.00000e-005 -2.38565e+000
6.10000e-005 -2.36636e+000
6.20000e-005 -2.34736e+000
6.30000e-005 -2.32866e+000
6.40000e-005 -2.31023e+000
6.50000e-005 -2.29208e+000
6.60000e-005 -2.27421e+000
6.70000e-005 -2.25659e+000
6.80000e-005 -2.23923e+000
6.90000e-005 -2.22212e+000
7.00000e-005 -2.20526e+000
7.10000e-005 -2.18863e+000
7.20000e-005 -2.17224e+000
7.30000e-005 -2.15608e+000
7.40000e-005 -2.14014e+000
7.50000e-005 -2.12441e+000
7.60000e-005 -2.10890e+000
7.70000e-005 -2.09360e+000
7.80000e-005 -2.07850e+000
7.90000e-005 -2.06360e+000
8.00000e-005 -2.04890e+000
8.10000e-005 -2.03438e+000
8.20000e-005 -2.02006e+000
8.30000e-005 -2.00591e+000
8.40000e-005 -1.99195e+000
8.50000e-005 -1.97816e+000
8.60000e-005 -1.96454e+000
8.70000e-005 -1.95109e+000
8.80000e-005 -1.93780e+000
8.90000e-005 -1.92468e+000
9.00000e-005 -1.91171e+000
9.10000e-005 -1.89891e+000
9.20000e-005 -1.88625e+000
9.30000e-005 -1.87374e+000
9.40000e-005 -1.86138e+000
9.50000e-005 -1.84916e+000
9.60000e-005 -1.83708e+000
9.70000e-005 -1.82515e+000
9.80000e-005 -1.81334e+000
9.90000e-005 -1.80168e+000
1.00000e-004 -1.79014e+000
1.01000e-004 -1.77873e+000
1.02000e-004 -1.76745e+000
1.03000e-004 -1.75629e+000
1.04000e-004 -1.74525e+000
1.05000e-004 -1.73433e+000
1.06000e-004 -1.72353e+000
1.07000e-004 -1.71285e+000
1.08000e-004 -1.70228e+000
1.09000e-004 -1.69182e+000
1.10000e-004 -1.68147e+000
1.11000e-004 -1.67123e+000
1.12000e-004 -1.66110e+000
1.13000e-004 -1.65107e+000
1.14000e-004 -1.64114e+000
1.15000e-004 -1.63132e+000
1.16000e-004 -1.62159e+000
1.17000e-004 -1.61196e+000
1.18000e-004 -1.60243e+000
1.19000e-004 -1.59300e+000
1.20000e-004 -1.58365e+000
1.21000e-004 -1.57440e+000
1.22000e-004 -1.56524e+000
1.23000e-004 -1.55617e+000
1.24000e-004 -1.54718e+000
1.25000e-004 -1.53828e+000
1.26000e-004 -1.52947e+000
1.27000e-004 -1.52074e+000
1.28000e-004 -1.51209e+000
1.29000e-004 -1.50353e+000
1.30000e-004 -1.49504e+000
1.31000e-004 -1.48664e+000
1.32000e-004 -1.47831e+000
1.33000e-004 -1.47006e+000
1.34000e-004 -1.46188e+000
1.35000e-004 -1.45378e+000
1.36000e-004 -1.44575e+000
1.37000e-004 -1.43780e+000
1.38000e-004 -1.42991e+000
1.39000e-004 -1.42210e+000
1.40000e-004 -1.41436e+000
1.41000e-004 -1.40668e+000
1.42000e-004 -1.39907e+000
1.43000e-004 -1.39153e+000
1.44000e-004 -1.38406e+000
1.45000e-004 -1.37665e+000
1.46000e-004 -1.36930e+000
1.47000e-004 -1.36202e+000
1.48000e-004 -1.35480e+000
1.49000e-004 -1.34764e+000
1.50000e-004 -1.34054e+000
1.51000e-004 -1.33350e+000
1.52000e-004 -1.32652e+000
1.53000e-004 -1.31960e+000
1.54000e-004 -1.31274e+000
1.55000e-004 -1.30593e+000
1.56000e-004 -1.29918e+000
1.57000e-004 -1.29249e+000
1.58000e-004 -1.28585e+000
1.59000e-004 -1.27927e+000
1.60000e-004 -1.27273e+000
1.61000e-004 -1.26626e+000
1.62000e-004 -1.25983e+000
1.63000e-004 -1.25345e+000
1.64000e-004 -1.24713e+000
1.65000e-004 -1.24086e+000
1.66000e-004 -1.23463e+000
1.67000e-004 -1.22846e+000
1.68000e-004 -1.22233e+000
1.69000e-004 -1.21626e+000
1.70000e-004 -1.21023e+000
1.71000e-004 -1.20424e+000
1.72000e-004 -1.19831e+000
1.73000e-004 -1.19241e+000
1.74000e-004 -1.18657e+000
1.75000e-004 -1.18077e+000
1.76000e-004 -1.17501e+000
1.77000e-004 -1.16930e+000
1.78000e-004 -1.16363e+000
1.79000e-004 -1.15800e+000
1.80000e-004 -1.15242e+000
1.81000e-004 -1.14688e+000
1.82000e-004 -1.14138e+000
1.83000e-004 -1.13592e+000
1.84000e-004 -1.13050e+000
1.85000e-004 -1.12512e+000
1.86000e-004 -1.11978e+000
1.87000e-004 -1.11448e+000
1.88000e-004 -1.10921e+000
1.89000e-004 -1.10399e+000
1.90000e-004 -1.09881e+000
1.91000e-004 -1.09366e+000
1.92000e-004 -1.08855e+000
1.93000e-004 -1.08347e+000
1.94000e-004 -1.07844e+000
1.95000e-004 -1.07344e+000
1.96000e-004 -1.06847e+000
1.97000e-004 -1.06354e+000
1.98000e-004 -1.05865e+000
1.99000e-004 -1.05378e+000
2.00000e-004 -1.04896e+000
2.01000e-004 -1.04417e+000
2.02000e-004 -1.03941e+000
2.03000e-004 -1.03468e+000
2.04000e-004 -1.02999e+000
2.05000e-004 -1.02533e+000
2.06000e-004 -1.02070e+000
2.07000e-004 -1.01610e+000
2.08000e-004 -1.01154e+000
2.09000e-004 -1.00701e+000
2.10000e-004 -1.00250e+000
2.11000e-004 -9.98031e-001
2.12000e-004 -9.93590e-001
2.13000e-004 -9.89179e-001
2.14000e-004 -9.84797e-001
2.15000e-004 -9.80445e-001
2.16000e-004 -9.76123e-001
2.17000e-004 -9.71829e-001
2.18000e-004 -9.67564e-001
2.19000e-004 -9.63328e-001
2.20000e-004 -9.59120e-001
2.21000e-004 -9.54939e-001
2.22000e-004 -9.50786e-001
2.23000e-004 -9.46661e-001
2.24000e-004 -9.42563e-001
2.25000e-004 -9.38491e-001
2.26000e-004 -9.34446e-001
2.27000e-004 -9.30428e-001
2.28000e-004 -9.26436e-001
2.29000e-004 -9.22470e-001
2.30000e-004 -9.18529e-001
2.31000e-004 -9.14614e-001
2.32000e-004 -9.10724e-001
2.33000e-004 -9.06859e-001
2.34000e-004 -9.03019e-001
2.35000e-004 -8.99203e-001
2.36000e-004 -8.95412e-001
2.37000e-004 -8.91645e-001
2.38000e-004 -8.87901e-001
2.39000e-004 -8.84182e-001
2.40000e-004 -8.80486e-001
2.41000e-004 -8.76813e-001
2.42000e-004 -8.73163e-001
2.43000e-004 -8.69536e-001
2.44000e-004 -8.65932e-001
2.45000e-004 -8.62351e-001
2.46000e-004 -8.58792e-001
2.47000e-004 -8.55254e-001
2.48000e-004 -8.51739e-001
2.49000e-004 -8.48246e-001
2.50000e-004 -8.44774e-001
2.51000e-004 -8.41323e-001
2.52000e-004 -8.37894e-001
2.53000e-004 -8.34486e-001
2.54000e-004 -8.31098e-001
2.55000e-004 -8.27731e-001
2.56000e-004 -8.24385e-001
2.57000e-004 -8.21059e-001
2.58000e-004 -8.17754e-001
2.59000e-004 -8.14468e-001
2.60000e-004 -8.11202e-001
2.61000e-004 -8.07956e-001
2.62000e-004 -8.04729e-001
2.63000e-004 -8.01522e-001
2.64000e-004 -7.98334e-001
2.65000e-004 -7.95165e-001
2.66000e-004 -7.92015e-001
2.67000e-004 -7.88883e-001
2.68000e-004 -7.85771e-001
2.69000e-004 -7.82676e-001
2.70000e-004 -7.79600e-001
2.71000e-004 -7.76543e-001
2.72000e-004 -7.73503e-001
2.73000e-004 -7.70481e-001
2.74000e-004 -7.67477e-001
2.75000e-004 -7.64490e-001
2.76000e-004 -7.61521e-001
2.77000e-004 -7.58569e-001
2.78000e-004 -7.55635e-001
2.79000e-004 -7.52717e-001
2.80000e-004 -7.49817e-001
2.81000e-004 -7.46933e-001
2.82000e-004 -7.44066e-001
2.83000e-004 -7.41215e-001
2.84000e-004 -7.38381e-001
2.85000e-004 -7.35564e-001
2.86000e-004 -7.32762e-001
2.87000e-004 -7.29976e-001
2.88000e-004 -7.27207e-001
2.89000e-004 -7.24453e-001
2.90000e-004 -7.21715e-001
2.91000e-004 -7.18992e-001
2.92000e-004 -7.16285e-001
2.93000e-004 -7.13594e-001
2.94000e-004 -7.10917e-001
2.95000e-004 -7.08256e-001
2.96000e-004 -7.05609e-001
2.97000e-004 -7.02978e-001
2.98000e-004 -7.00361e-001
2.99000e-004 -6.97759e-001
3.00000e-004 -6.95172e-001
3.01000e-004 -6.92599e-001
3.02000e-004 -6.90041e-001
3.03000e-004 -6.87496e-001
3.04000e-004 -6.84966e-001
3.05000e-004 -6.82450e-001
3.06000e-004 -6.79948e-001
3.07000e-004 -6.77460e-001
3.08000e-004 -6.74985e-001
3.09000e-004 -6.72525e-001
3.10000e-004 -6.70077e-001
3.11000e-004 -6.67644e-001
3.12000e-004 -6.65223e-001
3.13000e-004 -6.62816e-001
3.14000e-004 -6.60422e-001
3.15000e-004 -6.58041e-001
3.16000e-004 -6.55674e-001
3.17000e-004 -6.53319e-001
3.18000e-004 -6.50977e-001
3.19000e-004 -6.48647e-001
3.20000e-004 -6.46331e-001
3.21000e-004 -6.44027e-001
3.22000e-004 -6.41735e-001
3.23000e-004 -6.39456e-001
3.24000e-004 -6.37189e-001
3.25000e-004 -6.34934e-001
3.26000e-004 -6.32691e-001
3.27000e-004 -6.30461e-001
3.28000e-004 -6.28242e-001
3.29000e-004 -6.26035e-001
3.30000e-004 -6.23840e-001
3.31000e-004 -6.21657e-001
3.32000e-004 -6.19486e-001
3.33000e-004 -6.17326e-001
3.34000e-004 -6.15177e-001
3.35000e-004 -6.13040e-001
3.36000e-004 -6.10915e-001
3.37000e-004 -6.08800e-001
3.38000e-004 -6.06697e-001
3.39000e-004 -6.04605e-001
3.40000e-004 -6.02524e-001
3.41000e-004 -6.00453e-001
3.42000e-004 -5.98394e-001
3.43000e-004 -5.96346e-001
3.44000e-004 -5.94308e-001
3.45000e-004 -5.92281e-001
3.46000e-004 -5.90265e-001
3.47000e-004 -5.88259e-001
3.48000e-004 -5.86264e-001
3.49000e-004 -5.84279e-001
3.50000e-004 -5.82304e-001
3.51000e-004 -5.80340e-001
3.52000e-004 -5.78386e-001
3.53000e-004 -5.76442e-001
3.54000e-004 -5.74508e-001
3.55000e-004 -5.72584e-001
3.56000e-004 -5.70670e-001
3.57000e-004 -5.68766e-001
3.58000e-004 -5.66872e-001
3.59000e-004 -5.64987e-001
3.60000e-004 -5.63112e-001
3.61000e-004 -5.61247e-001
3.62000e-004 -5.59392e-001
3.63000e-004 -5.57546e-001
3.64000e-004 -5.55709e-001
3.65000e-004 -5.53882e-001
3.66000e-004 -5.52064e-001
3.67000e-004 -5.50255e-001
3.68000e-004 -5.48456e-001
3.69000e-004 -5.46666e-001
3.70000e-004 -5.44884e-001
3.71000e-004 -5.43112e-001
3.72000e-004 -5.41349e-001
3.73000e-004 -5.39595e-001
3.74000e-004 -5.37850e-001
3.75000e-004 -5.36113e-001
3.76000e-004 -5.34386e-001
3.77000e-004 -5.32667e-001
3.78000e-004 -5.30956e-001
3.79000e-004 -5.29255e-001
3.80000e-004 -5.27561e-001
3.81000e-004 -5.25877e-001
3.82000e-004 -5.24201e-001
3.83000e-004 -5.22533e-001
3.84000e-004 -5.20873e-001
3.85000e-004 -5.19222e-001
3.86000e-004 -5.17579e-001
3.87000e-004 -5.15945e-001
3.88000e-004 -5.14318e-001
3.89000e-004 -5.12700e-001
3.90000e-004 -5.11089e-001
3.91000e-004 -5.09487e-001
3.92000e-004 -5.07893e-001
3.93000e-004 -5.06306e-001
3.94000e-004 -5.04727e-001
3.95000e-004 -5.03156e-001
3.96000e-004 -5.01593e-001
3.97000e-004 -5.00038e-001
3.98000e-004 -1.00000e+000
3.99000e-004 -1.00000e+000
4.00000e-004 -1.00000e+000
4.01000e-004 -1.00000e+000
4.02000e-004 -1.00000e+000
4.03000e-004 -1.00000e+000
4.04000e-004 -1.00000e+000
4.05000e-004 -1.00000e+000
4.06000e-004 -1.00000e+000
4.07000e-004 -1.00000e+000
4.08000e-004 -1.00000e+000
4.09000e-004 -1.00000e+000
4.10000e-004 -1.00000e+000
4.11000e-004 -1.00000e+000
4.12000e-004 -1.00000e+000
4.13000e-004 -1.00000e+000
4.14000e-004 -1.00000e+000
4.15000e-004 -1.00000e+000
4.16000e-004 -1.00000e+000
4.17000e-004 -1.00000e+000
4.18000e-004 -1.00000e+000
4.19000e-004 -1.00000e+000
4.20000e-004 -1.00000e+000
4.21000e-004 -1.00000e+000
4.22000e-004 -1.00000e+000
4.23000e-004 -1.00000e+000
4.24000e-004 -1.00000e+000
4.25000e-004 -1.00000e+000
4.26000e-004 -1.00000e+000
4.27000e-004 -1.00000e+000
4.28000e-004 -1.00000e+000
4.29000e-004 -1.00000e+000
4.30000e-004 -1.00000e+000
4.31000e-004 -1.00000e+000
4.32000e-004 -1.00000e+000
4.33000e-004 -1.00000e+000
4.34000e-004 -1.00000e+000
4.35000e-004 -1.00000e+000
4.36000e-004 -1.00000e+000
4.37000e-004 -1.00000e+000
4.38000e-004 -1.00000e+000
4.39000e-004 -1.00000e+000
4.40000e-004 -1.00000e+000
4.41000e-004 -1.00000e+000
4.42000e-004 -1.00000e+000
4.43000e-004 -1.00000e+000
4.44000e-004 -1.00000e+000
4.45000e-004 -1.00000e+000
4.46000e-004 -1.00000e+000
4.47000e-004 -1.00000e+000
4.48000e-004 -1.00000e+000
4.49000e-004 -1.00000e+000
4.50000e-004 -1.00000e+000
4.51000e-004 -1.00000e+000
4.52000e-004 -1.00000e+000
4.53000e-004 -1.00000e+000
4.54000e-004 -1.00000e+000
4.55000e-004 -1.00000e+000
4.56000e-004 -1.00000e+000
4.57000e-004 -1.00000e+000
4.58000e-004 -1.00000e+000
4.59000e-004 -1.00000e+000
4.60000e-004 -1.00000e+000
4.61000e-004 -1.00000e+000
4.62000e-004 -1.00000e+000
4.63000e-004 -1.00000e+000
4.64000e-004 -1.00000e+000
4.65000e-004 -1.00000e+000
4.66000e-004 -1.00000e+000
4.67000e-004 -1.00000e+000
4.68000e-004 -1.00000e+000
4.69000e-004 -1.00000e+000
4.70000e-004 -1.00000e+000
4.71000e-004 -1.00000e+000
4.72000e-004 -1.00000e+000
4.73000e-004 -1.00000e+000
4.74000e-004 -1.00000e+000
4.75000e-004 -1.00000e+000
4.76000e-004 -1.00000e+000
4.77000e-004 -1.00000e+000
4.78000e-004 -1.00000e+000
4.79000e-004 -1.00000e+000
4.80000e-004 -1.00000e+000
4.81000e-004 -1.00000e+000
4.82000e-004 -1.00000e+000
4.83000e-004 -1.00000e+000
4.84000e-004 -1.00000e+000
4.85000e-004 -1.00000e+000
4.86000e-004 -1.00000e+000
4.87000e-004 -1.00000e+000
4.88000e-004 -1.00000e+000
4.89000e-004 -1.00000e+000
4.90000e-004 -1.00000e+000
4.91000e-004 -1.00000e+000
4.92000e-004 -1.00000e+000
4.93000e-004 -1.00000e+000
4.94000e-004 -1.00000e+000
4.95000e-004 5.00000e-002
