0.00000e+000 -5.00000e-002
1.00000e-006 -4.62567e+000
2.00000e-006 -4.62899e+000
3.00000e-006 -4.58085e+000
4.00000e-006 -4.52991e+000
5.00000e-006 -4.47888e+000
6.00000e-006 -4.42787e+000
7.00000e-006 -4.37692e+000
8.00000e-006 -4.32607e+000
9.00000e-006 -4.27542e+000
1.00000e-005 -4.22504e+000
1.10000e-005 -4.17501e+000
1.20000e-005 -4.12541e+000
1.30000e-005 -4.07631e+000
1.40000e-005 -4.02778e+000
1.50000e-005 -3.97987e+000
1.60000e-005 -3.93262e+000
1.70000e-005 -3.88607e+000
1.80000e-005 -3.84026e+000
1.90000e-005 -3.79520e+000
2.00000e-005 -3.75092e+000
2.10000e-005 -3.70743e+000
2.20000e-005 -3.66472e+000
2.30000e-005 -3.62282e+000
2.40000e-005 -3.58170e+000
2.50000e-005 -3.54138e+000
2.60000e-005 -3.50184e+000
2.70000e-005 -3.46307e+000
2.80000e-005 -3.42507e+000
2.90000e-005 -3.38782e+000
3.00000e-005 -3.35130e+000
3.10000e-005 -3.31551e+000
3.20000e-005 -3.28043e+000
3.30000e-005 -3.24604e+000
3.40000e-005 -3.21233e+000
3.50000e-005 -3.17928e+000
3.60000e-005 -3.14688e+000
3.70000e-005 -3.11510e+000
3.80000e-005 -3.08394e+000
3.90000e-005 -3.05338e+000
4.00000e-005 -3.02340e+000
4.10000e-005 -2.99399e+000
4.20000e-005 -2.96513e+000
4.30000e-005 -2.93680e+000
4.40000e-005 -2.90900e+000
4.50000e-005 -2.88171e+000
4.60000e-005 -2.85492e+000
4.70000e-005 -2.82860e+000
4.80000e-005 -2.80276e+000
4.90000e-005 -2.77737e+000
5.00000e-005 -2.75243e+000
5.10000e-005 -2.72792e+000
5.20000e-005 -2.70383e+000
5.30000e-005 -2.68015e+000
5.40000e-005 -2.65687e+000
5.50000e-005 -2.63398e+000
5.60000e-005 -2.61147e+000
5.70000e-005 -2.58933e+000
5.80000e-005 -2.56754e+000
5.90000e-005 -2.54611e+000
6.00000e-005 -2.52502e+000
6.10000e-005 -2.50426e+000
6.20000e-005 -2.48383e+000
6.30000e-005 -2.46371e+000
6.40000e-005 -2.44390e+000
6.50000e-005 -2.42440e+000
6.60000e-005 -2.40518e+000
6.70000e-005 -2.38626e+000
6.80000e-005 -2.36761e+000
6.90000e-005 -2.34924e+000
7.00000e-005 -2.33113e+000
7.10000e-005 -2.31329e+000
7.20000e-005 -2.29570e+000
7.30000e-005 -2.27836e+000
7.40000e-005 -2.26126e+000
7.50000e-005 -2.24440e+000
7.60000e-005 -2.22777e+000
7.70000e-005 -2.21137e+000
7.80000e-005 -2.19519e+000
7.90000e-005 -2.17923e+000
8.00000e-005 -2.16348e+000
8.10000e-005 -2.14794e+000
8.20000e-005 -2.13260e+000
8.30000e-005 -2.11747e+000
8.40000e-005 -2.10252e+000
8.50000e-005 -2.08777e+000
8.60000e-005 -2.07321e+000
8.70000e-005 -2.05883e+000
8.80000e-005 -2.04463e+000
8.90000e-005 -2.03060e+000
9.00000e-005 -2.01675e+000
9.10000e-005 -2.00307e+000
9.20000e-005 -1.98955e+000
9.30000e-005 -1.97620e+000
9.40000e-005 -1.96300e+000
9.50000e-005 -1.94996e+000
9.60000e-005 -1.93708e+000
9.70000e-005 -1.92434e+000
9.80000e-005 -1.91175e+000
9.90000e-005 -1.89931e+000
1.00000e-004 -1.88701e+000
1.01000e-004 -1.87485e+000
1.02000e-004 -1.86282e+000
1.03000e-004 -1.85094e+000
1.04000e-004 -1.83918e+000
1.05000e-004 -1.82755e+000
1.06000e-004 -1.81605e+000
1.07000e-004 -1.80468e+000
1.08000e-004 -1.79343e+000
1.09000e-004 -1.78230e+000
1.10000e-004 -1.77129e+000
1.11000e-004 -1.76039e+000
1.12000e-004 -1.74961e+000
1.13000e-004 -1.73895e+000
1.14000e-004 -1.72839e+000
1.15000e-004 -1.71795e+000
1.16000e-004 -1.70761e+000
1.17000e-004 -1.69738e+000
1.18000e-004 -1.68725e+000
1.19000e-004 -1.67722e+000
1.20000e-004 -1.66730e+000
1.21000e-004 -1.65747e+000
1.22000e-004 -1.64775e+000
1.23000e-004 -1.63811e+000
1.24000e-004 -1.62858e+000
1.25000e-004 -1.61913e+000
1.26000e-004 -1.60978e+000
1.27000e-004 -1.60052e+000
1.28000e-004 -1.59134e+000
1.29000e-004 -1.58226e+000
1.30000e-004 -1.57326e+000
1.31000e-004 -1.56434e+000
1.32000e-004 -1.55551e+000
1.33000e-004 -1.54677e+000
1.34000e-004 -1.53810e+000
1.35000e-004 -1.52951e+000
1.36000e-004 -1.52101e+000
1.37000e-004 -1.51258e+000
1.38000e-004 -1.50422e+000
1.39000e-004 -1.49595e+000
1.40000e-004 -1.48774e+000
1.41000e-004 -1.47961e+000
1.42000e-004 -1.47156e+000
1.43000e-004 -1.46357e+000
1.44000e-004 -1.45566e+000
1.45000e-004 -1.44781e+000
1.46000e-004 -1.44004e+000
1.47000e-004 -1.43233e+000
1.48000e-004 -1.42469e+000
1.49000e-004 -1.41711e+000
1.50000e-004 -1.40960e+000
1.51000e-004 -1.40216e+000
1.52000e-004 -1.39477e+000
1.53000e-004 -1.38745e+000
1.54000e-004 -1.38020e+000
1.55000e-004 -1.37300e+000
1.56000e-004 -1.36586e+000
1.57000e-004 -1.35878e+000
1.58000e-004 -1.35177e+000
1.59000e-004 -1.34481e+000
1.60000e-004 -1.33790e+000
1.61000e-004 -1.33105e+000
1.62000e-004 -1.32426e+000
1.63000e-004 -1.31753e+000
1.64000e-004 -1.31085e+000
1.65000e-004 -1.30422e+000
1.66000e-004 -1.29764e+000
1.67000e-004 -1.29112e+000
1.68000e-004 -1.28465e+000
1.69000e-004 -1.27823e+000
1.70000e-004 -1.27186e+000
1.71000e-004 -1.26554e+000
1.72000e-004 -1.25927e+000
1.73000e-004 -1.25305e+000
1.74000e-004 -1.24688e+000
1.75000e-004 -1.24076e+000
1.76000e-004 -1.23468e+000
1.77000e-004 -1.22865e+000
1.78000e-004 -1.22267e+000
1.79000e-004 -1.21673e+000
1.80000e-004 -1.21084e+000
1.81000e-004 -1.20499e+000
1.82000e-004 -1.19918e+000
1.83000e-004 -1.19342e+000
1.84000e-004 -1.18770e+000
1.85000e-004 -1.18203e+000
1.86000e-004 -1.17639e+000
1.87000e-004 -1.17080e+000
1.88000e-004 -1.16525e+000
1.89000e-004 -1.15974e+000
1.90000e-004 -1.15427e+000
1.91000e-004 -1.14885e+000
1.92000e-004 -1.14346e+000
1.93000e-004 -1.13811e+000
1.94000e-004 -1.13279e+000
1.95000e-004 -1.12752e+000
1.96000e-004 -1.12228e+000
1.97000e-004 -1.11709e+000
1.98000e-004 -1.11193e+000
1.99000e-004 -1.10680e+000
2.00000e-004 -1.10171e+000
2.01000e-004 -1.09666e+000
2.02000e-004 -1.09165e+000
2.03000e-004 -1.08666e+000
2.04000e-004 -1.08172e+000
2.05000e-004 -1.07681e+000
2.06000e-004 -1.07193e+000
2.07000e-004 -1.06708e+000
2.08000e-004 -1.06227e+000
2.09000e-004 -1.05750e+000
2.10000e-004 -1.05275e+000
2.11000e-004 -1.04804e+000
2.12000e-004 -1.04336e+000
2.13000e-004 -1.03871e+000
2.14000e-004 -1.03410e+000
2.15000e-004 -1.02951e+000
2.16000e-004 -1.02496e+000
2.17000e-004 -1.02044e+000
2.18000e-004 -1.01594e+000
2.19000e-004 -1.01148e+000
2.20000e-004 -1.00705e+000
2.21000e-004 -1.00264e+000
2.22000e-004 -9.98271e-001
2.23000e-004 -9.93925e-001
2.24000e-004 -9.89609e-001
2.25000e-004 -9.85321e-001
2.26000e-004 -9.81061e-001
2.27000e-004 -9.76829e-001
2.28000e-004 -9.72625e-001
2.29000e-004 -9.68448e-001
2.30000e-004 -9.64298e-001
2.31000e-004 -9.60175e-001
2.32000e-004 -9.56079e-001
2.33000e-004 -9.52009e-001
2.34000e-004 -9.47966e-001
2.35000e-004 -9.43948e-001
2.36000e-004 -9.39956e-001
2.37000e-004 -9.35990e-001
2.38000e-004 -9.32048e-001
2.39000e-004 -9.28132e-001
2.40000e-004 -9.24241e-001
2.41000e-004 -9.20374e-001
2.42000e-004 -9.16532e-001
2.43000e-004 -9.12713e-001
2.44000e-004 -9.08919e-001
2.45000e-004 -9.05148e-001
2.46000e-004 -9.01402e-001
2.47000e-004 -8.97678e-001
2.48000e-004 -8.93977e-001
2.49000e-004 -8.90300e-001
2.50000e-004 -8.86645e-001
2.51000e-004 -8.83013e-001
2.52000e-004 -8.79403e-001
2.53000e-004 -8.75815e-001
2.54000e-004 -8.72250e-001
2.55000e-004 -8.68706e-001
2.56000e-004 -8.65183e-001
2.57000e-004 -8.61683e-001
2.58000e-004 -8.58203e-001
2.59000e-004 -8.54745e-001
2.60000e-004 -8.51307e-001
2.61000e-004 -8.47890e-001
2.62000e-004 -8.44494e-001
2.63000e-004 -8.41118e-001
2.64000e-004 -8.37763e-001
2.65000e-004 -8.34427e-001
2.66000e-004 -8.31112e-001
2.67000e-004 -8.27816e-001
2.68000e-004 -8.24540e-001
2.69000e-004 -8.21283e-001
2.70000e-004 -8.18045e-001
2.71000e-004 -8.14827e-001
2.72000e-004 -8.11628e-001
2.73000e-004 -8.08447e-001
2.74000e-004 -8.05285e-001
2.75000e-004 -8.02142e-001
2.76000e-004 -7.99017e-001
2.77000e-004 -7.95910e-001
2.78000e-004 -7.92822e-001
2.79000e-004 -7.89751e-001
2.80000e-004 -7.86698e-001
2.81000e-004 -7.83663e-001
2.82000e-004 -7.80646e-001
2.83000e-004 -7.77646e-001
2.84000e-004 -7.74663e-001
2.85000e-004 -7.71697e-001
2.86000e-004 -7.68748e-001
2.87000e-004 -7.65817e-001
2.88000e-004 -7.62902e-001
2.89000e-004 -7.60003e-001
2.90000e-004 -7.57121e-001
2.91000e-004 -7.54256e-001
2.92000e-004 -7.51407e-001
2.93000e-004 -7.48574e-001
2.94000e-004 -7.45756e-001
2.95000e-004 -7.42955e-001
2.96000e-004 -7.40170e-001
2.97000e-004 -7.37400e-001
2.98000e-004 -7.34646e-001
2.99000e-004 -7.31907e-001
3.00000e-004 -7.29184e-001
3.01000e-004 -7.26476e-001
3.02000e-004 -7.23783e-001
3.03000e-004 -7.21105e-001
3.04000e-004 -7.18442e-001
3.05000e-004 -7.15793e-001
3.06000e-004 -7.13159e-001
3.07000e-004 -7.10540e-001
3.08000e-004 -7.07935e-001
3.09000e-004 -7.05345e-001
3.10000e-004 -7.02769e-001
3.11000e-004 -7.00207e-001
3.12000e-004 -6.97659e-001
3.13000e-004 -6.95125e-001
3.14000e-004 -6.92605e-001
3.15000e-004 -6.90099e-001
3.16000e-004 -6.87606e-001
3.17000e-004 -6.85127e-001
3.18000e-004 -6.82661e-001
3.19000e-004 -6.80209e-001
3.20000e-004 -6.77770e-001
3.21000e-004 -6.75344e-001
3.22000e-004 -6.72931e-001
3.23000e-004 -6.70532e-001
3.24000e-004 -6.68145e-001
3.25000e-004 -6.65771e-001
3.26000e-004 -6.63410e-001
3.27000e-004 -6.61061e-001
3.28000e-004 -6.58725e-001
3.29000e-004 -6.56402e-001
3.30000e-004 -6.54091e-001
3.31000e-004 -6.51792e-001
3.32000e-004 -6.49505e-001
3.33000e-004 -6.47231e-001
3.34000e-004 -6.44968e-001
3.35000e-004 -6.42718e-001
3.36000e-004 -6.40479e-001
3.37000e-004 -6.38253e-001
3.38000e-004 -6.36038e-001
3.39000e-004 -6.33834e-001
3.40000e-004 -6.31643e-001
3.41000e-004 -6.29463e-001
3.42000e-004 -6.27294e-001
3.43000e-004 -6.25136e-001
3.44000e-004 -6.22990e-001
3.45000e-004 -6.20855e-001
3.46000e-004 -6.18732e-001
3.47000e-004 -6.16619e-001
3.48000e-004 -6.14517e-001
3.49000e-004 -6.12426e-001
3.50000e-004 -6.10347e-001
3.51000e-004 -6.08277e-001
3.52000e-004 -6.06219e-001
3.53000e-004 -6.04171e-001
3.54000e-004 -6.02134e-001
3.55000e-004 -6.00107e-001
3.56000e-004 -5.98091e-001
3.57000e-004 -5.96085e-001
3.58000e-004 -5.94089e-001
3.59000e-004 -5.92104e-001
3.60000e-004 -5.90128e-001
3.61000e-004 -5.88163e-001
3.62000e-004 -5.86208e-001
3.63000e-004 -5.84263e-001
3.64000e-004 -5.82328e-001
3.65000e-004 -5.80402e-001
3.66000e-004 -5.78487e-001
3.67000e-004 -5.76581e-001
3.68000e-004 -5.74685e-001
3.69000e-004 -5.72798e-001
3.70000e-004 -5.70921e-001
3.71000e-004 -5.69054e-001
3.72000e-004 -5.67195e-001
3.73000e-004 -5.65347e-001
3.74000e-004 -5.63507e-001
3.75000e-004 -5.61677e-001
3.76000e-004 -5.59856e-001
3.77000e-004 -5.58044e-001
3.78000e-004 -5.56241e-001
3.79000e-004 -5.54448e-001
3.80000e-004 -5.52663e-001
3.81000e-004 -5.50887e-001
3.82000e-004 -5.49120e-001
3.83000e-004 -5.47362e-001
3.84000e-004 -5.45612e-001
3.85000e-004 -5.43871e-001
3.86000e-004 -5.42139e-001
3.87000e-004 -5.40416e-001
3.88000e-004 -5.38701e-001
3.89000e-004 -5.36994e-001
3.90000e-004 -5.35296e-001
3.91000e-004 -5.33607e-001
3.92000e-004 -5.31925e-001
3.93000e-004 -5.30252e-001
3.94000e-004 -5.28588e-001
3.95000e-004 -5.26931e-001
3.96000e-004 -5.25283e-001
3.97000e-004 -5.23642e-001
3.98000e-004 -5.22010e-001
3.99000e-004 -5.20386e-001
4.00000e-004 -5.18769e-001
4.01000e-004 -5.17161e-001
4.02000e-004 -5.15560e-001
4.03000e-004 -5.13967e-001
4.04000e-004 -5.12382e-001
4.05000e-004 -5.10805e-001
4.06000e-004 -5.09235e-001
4.07000e-004 -5.07673e-001
4.08000e-004 -5.06119e-001
4.09000e-004 -5.04572e-001
4.10000e-004 -5.03033e-001
4.11000e-004 -5.01501e-001
4.12000e-004 -1.00000e+000
4.13000e-004 -1.00000e+000
4.14000e-004 -1.00000e+000
4.15000e-004 -1.00000e+000
4.16000e-004 -1.00000e+000
4.17000e-004 -1.00000e+000
4.18000e-004 -1.00000e+000
4.19000e-004 -1.00000e+000
4.20000e-004 -1.00000e+000
4.21000e-004 -1.00000e+000
4.22000e-004 -1.00000e+000
4.23000e-004 -1.00000e+000
4.24000e-004 -1.00000e+000
4.25000e-004 -1.00000e+000
4.26000e-004 -1.00000e+000
4.27000e-004 -1.00000e+000
4.28000e-004 -1.00000e+000
4.29000e-004 -1.00000e+000
4.30000e-004 -1.00000e+000
4.31000e-004 -1.00000e+000
4.32000e-004 -1.00000e+000
4.33000e-004 -1.00000e+000
4.34000e-004 -1.00000e+000
4.35000e-004 -1.00000e+000
4.36000e-004 -1.00000e+000
4.37000e-004 -1.00000e+000
4.38000e-004 -1.00000e+000
4.39000e-004 -1.00000e+000
4.40000e-004 -1.00000e+000
4.41000e-004 -1.00000e+000
4.42000e-004 -1.00000e+000
4.43000e-004 -1.00000e+000
4.44000e-004 -1.00000e+000
4.45000e-004 -1.00000e+000
4.46000e-004 -1.00000e+000
4.47000e-004 -1.00000e+000
4.48000e-004 -1.00000e+000
4.49000e-004 -1.00000e+000
4.50000e-004 -1.00000e+000
4.51000e-004 -1.00000e+000
4.52000e-004 -1.00000e+000
4.53000e-004 -1.00000e+000
4.54000e-004 -1.00000e+000
4.55000e-004 -1.00000e+000
4.56000e-004 -1.00000e+000
4.57000e-004 -1.00000e+000
4.58000e-004 -1.00000e+000
4.59000e-004 -1.00000e+000
4.60000e-004 -1.00000e+000
4.61000e-004 -1.00000e+000
4.62000e-004 -1.00000e+000
4.63000e-004 -1.00000e+000
4.64000e-004 -1.00000e+000
4.65000e-004 -1.00000e+000
4.66000e-004 -1.00000e+000
4.67000e-004 -1.00000e+000
4.68000e-004 -1.00000e+000
4.69000e-004 -1.00000e+000
4.70000e-004 -1.00000e+000
4.71000e-004 -1.00000e+000
4.72000e-004 -1.00000e+000
4.73000e-004 -1.00000e+000
4.74000e-004 -1.00000e+000
4.75000e-004 -1.00000e+000
4.76000e-004 -1.00000e+000
4.77000e-004 -1.00000e+000
4.78000e-004 -1.00000e+000
4.79000e-004 -1.00000e+000
4.80000e-004 -1.00000e+000
4.81000e-004 -1.00000e+000
4.82000e-004 -1.00000e+000
4.83000e-004 -1.00000e+000
4.84000e-004 -1.00000e+000
4.85000e-004 -1.00000e+000
4.86000e-004 -1.00000e+000
4.87000e-004 -1.00000e+000
4.88000e-004 -1.00000e+000
4.89000e-004 -1.00000e+000
4.90000e-004 -1.00000e+000
4.91000e-004 -1.00000e+000
4.92000e-004 -1.00000e+000
4.93000e-004 -1.00000e+000
4.94000e-004 -1.00000e+000
4.95000e-004 -1.00000e+000
4.96000e-004 -1.00000e+000
4.97000e-004 -1.00000e+000
4.98000e-004 -1.00000e+000
4.99000e-004 -1.00000e+000
5.00000e-004 -1.00000e+000
5.01000e-004 -1.00000e+000
5.02000e-004 -1.00000e+000
5.03000e-004 -1.00000e+000
5.04000e-004 -1.00000e+000
5.05000e-004 -1.00000e+000
5.06000e-004 -1.00000e+000
5.07000e-004 -1.00000e+000
5.08000e-004 -1.00000e+000
5.09000e-004 -1.00000e+000
5.10000e-004 -1.00000e+000
5.11000e-004 5.00000e-002
