0.00000e+000 -5.00000e-002
1.00000e-006 -4.83957e+000
2.00000e-006 -4.84113e+000
3.00000e-006 -4.81471e+000
4.00000e-006 -4.78651e+000
5.00000e-006 -4.75715e+000
6.00000e-006 -4.72657e+000
7.00000e-006 -4.69473e+000
8.00000e-006 -4.66163e+000
9.00000e-006 -4.62730e+000
1.00000e-005 -4.59178e+000
1.10000e-005 -4.55514e+000
1.20000e-005 -4.51747e+000
1.30000e-005 -4.47885e+000
1.40000e-005 -4.43940e+000
1.50000e-005 -4.39921e+000
1.60000e-005 -4.35839e+000
1.70000e-005 -4.31706e+000
1.80000e-005 -4.27532e+000
1.90000e-005 -4.23328e+000
2.00000e-005 -4.19104e+000
2.10000e-005 -4.14869e+000
2.20000e-005 -4.10633e+000
2.30000e-005 -4.06404e+000
2.40000e-005 -4.02190e+000
2.50000e-005 -3.97997e+000
2.60000e-005 -3.93831e+000
2.70000e-005 -3.89698e+000
2.80000e-005 -3.85602e+000
2.90000e-005 -3.81548e+000
3.00000e-005 -3.77540e+000
3.10000e-005 -3.73579e+000
3.20000e-005 -3.69669e+000
3.30000e-005 -3.65811e+000
3.40000e-005 -3.62008e+000
3.50000e-005 -3.58260e+000
3.60000e-005 -3.54568e+000
3.70000e-005 -3.50934e+000
3.80000e-005 -3.47356e+000
3.90000e-005 -3.43835e+000
4.00000e-005 -3.40372e+000
4.10000e-005 -3.36966e+000
4.20000e-005 -3.33616e+000
4.30000e-005 -3.30323e+000
4.40000e-005 -3.27085e+000
4.50000e-005 -3.23901e+000
4.60000e-005 -3.20772e+000
4.70000e-005 -3.17696e+000
4.80000e-005 -3.14672e+000
4.90000e-005 -3.11700e+000
5.00000e-005 -3.08778e+000
5.10000e-005 -3.05905e+000
5.20000e-005 -3.03081e+000
5.30000e-005 -3.00305e+000
5.40000e-005 -2.97575e+000
5.50000e-005 -2.94890e+000
5.60000e-005 -2.92251e+000
5.70000e-005 -2.89654e+000
5.80000e-005 -2.87101e+000
5.90000e-005 -2.84589e+000
6.00000e-005 -2.82118e+000
6.10000e-005 -2.79687e+000
6.20000e-005 -2.77295e+000
6.30000e-005 -2.74941e+000
6.40000e-005 -2.72624e+000
6.50000e-005 -2.70343e+000
6.60000e-005 -2.68098e+000
6.70000e-005 -2.65888e+000
6.80000e-005 -2.63712e+000
6.90000e-005 -2.61568e+000
7.00000e-005 -2.59457e+000
7.10000e-005 -2.57378e+000
7.20000e-005 -2.55330e+000
7.30000e-005 -2.53312e+000
7.40000e-005 -2.51324e+000
7.50000e-005 -2.49364e+000
7.60000e-005 -2.47433e+000
7.70000e-005 -2.45529e+000
7.80000e-005 -2.43652e+000
7.90000e-005 -2.41802e+000
8.00000e-005 -2.39978e+000
8.10000e-005 -2.38179e+000
8.20000e-005 -2.36405e+000
8.30000e-005 -2.34655e+000
8.40000e-005 -2.32928e+000
8.50000e-005 -2.31225e+000
8.60000e-005 -2.29545e+000
8.70000e-005 -2.27886e+000
8.80000e-005 -2.26250e+000
8.90000e-005 -2.24635e+000
9.00000e-005 -2.23041e+000
9.10000e-005 -2.21467e+000
9.20000e-005 -2.19913e+000
9.30000e-005 -2.18379e+000
9.40000e-005 -2.16864e+000
9.50000e-005 -2.15368e+000
9.60000e-005 -2.13891e+000
9.70000e-005 -2.12432e+000
9.80000e-005 -2.10990e+000
9.90000e-005 -2.09566e+000
1.00000e-004 -2.08159e+000
1.01000e-004 -2.06769e+000
1.02000e-004 -2.05395e+000
1.03000e-004 -2.04038e+000
1.04000e-004 -2.02696e+000
1.05000e-004 -2.01370e+000
1.06000e-004 -2.00059e+000
1.07000e-004 -1.98763e+000
1.08000e-004 -1.97482e+000
1.09000e-004 -1.96215e+000
1.10000e-004 -1.94962e+000
1.11000e-004 -1.93724e+000
1.12000e-004 -1.92499e+000
1.13000e-004 -1.91288e+000
1.14000e-004 -1.90090e+000
1.15000e-004 -1.88904e+000
1.16000e-004 -1.87732e+000
1.17000e-004 -1.86572e+000
1.18000e-004 -1.85425e+000
1.19000e-004 -1.84289e+000
1.20000e-004 -1.83166e+000
1.21000e-004 -1.82054e+000
1.22000e-004 -1.80954e+000
1.23000e-004 -1.79865e+000
1.24000e-004 -1.78788e+000
1.25000e-004 -1.77721e+000
1.26000e-004 -1.76665e+000
1.27000e-004 -1.75620e+000
1.28000e-004 -1.74586e+000
1.29000e-004 -1.73561e+000
1.30000e-004 -1.72547e+000
1.31000e-004 -1.71543e+000
1.32000e-004 -1.70548e+000
1.33000e-004 -1.69564e+000
1.34000e-004 -1.68589e+000
1.35000e-004 -1.67623e+000
1.36000e-004 -1.66666e+000
1.37000e-004 -1.65719e+000
1.38000e-004 -1.64781e+000
1.39000e-004 -1.63851e+000
1.40000e-004 -1.62930e+000
1.41000e-004 -1.62018e+000
1.42000e-004 -1.61114e+000
1.43000e-004 -1.60219e+000
1.44000e-004 -1.59331e+000
1.45000e-004 -1.58452e+000
1.46000e-004 -1.57581e+000
1.47000e-004 -1.56718e+000
1.48000e-004 -1.55862e+000
1.49000e-004 -1.55015e+000
1.50000e-004 -1.54174e+000
1.51000e-004 -1.53341e+000
1.52000e-004 -1.52516e+000
1.53000e-004 -1.51698e+000
1.54000e-004 -1.50887e+000
1.55000e-004 -1.50083e+000
1.56000e-004 -1.49286e+000
1.57000e-004 -1.48496e+000
1.58000e-004 -1.47712e+000
1.59000e-004 -1.46935e+000
1.60000e-004 -1.46165e+000
1.61000e-004 -1.45402e+000
1.62000e-004 -1.44645e+000
1.63000e-004 -1.43894e+000
1.64000e-004 -1.43149e+000
1.65000e-004 -1.42411e+000
1.66000e-004 -1.41679e+000
1.67000e-004 -1.40952e+000
1.68000e-004 -1.40232e+000
1.69000e-004 -1.39518e+000
1.70000e-004 -1.38809e+000
1.71000e-004 -1.38106e+000
1.72000e-004 -1.37409e+000
1.73000e-004 -1.36718e+000
1.74000e-004 -1.36032e+000
1.75000e-004 -1.35351e+000
1.76000e-004 -1.34676e+000
1.77000e-004 -1.34006e+000
1.78000e-004 -1.33342e+000
1.79000e-004 -1.32682e+000
1.80000e-004 -1.32028e+000
1.81000e-004 -1.31379e+000
1.82000e-004 -1.30735e+000
1.83000e-004 -1.30096e+000
1.84000e-004 -1.29462e+000
1.85000e-004 -1.28833e+000
1.86000e-004 -1.28208e+000
1.87000e-004 -1.27588e+000
1.88000e-004 -1.26973e+000
1.89000e-004 -1.26363e+000
1.90000e-004 -1.25757e+000
1.91000e-004 -1.25156e+000
1.92000e-004 -1.24559e+000
1.93000e-004 -1.23967e+000
1.94000e-004 -1.23379e+000
1.95000e-004 -1.22795e+000
1.96000e-004 -1.22216e+000
1.97000e-004 -1.21641e+000
1.98000e-004 -1.21070e+000
1.99000e-004 -1.20503e+000
2.00000e-004 -1.19940e+000
2.01000e-004 -1.19382e+000
2.02000e-004 -1.18827e+000
2.03000e-004 -1.18277e+000
2.04000e-004 -1.17730e+000
2.05000e-004 -1.17188e+000
2.06000e-004 -1.16649e+000
2.07000e-004 -1.16114e+000
2.08000e-004 -1.15582e+000
2.09000e-004 -1.15055e+000
2.10000e-004 -1.14531e+000
2.11000e-004 -1.14011e+000
2.12000e-004 -1.13495e+000
2.13000e-004 -1.12982e+000
2.14000e-004 -1.12472e+000
2.15000e-004 -1.11967e+000
2.16000e-004 -1.11464e+000
2.17000e-004 -1.10965e+000
2.18000e-004 -1.10470e+000
2.19000e-004 -1.09978e+000
2.20000e-004 -1.09489e+000
2.21000e-004 -1.09004e+000
2.22000e-004 -1.08522e+000
2.23000e-004 -1.08043e+000
2.24000e-004 -1.07567e+000
2.25000e-004 -1.07095e+000
2.26000e-004 -1.06625e+000
2.27000e-004 -1.06159e+000
2.28000e-004 -1.05696e+000
2.29000e-004 -1.05236e+000
2.30000e-004 -1.04779e+000
2.31000e-004 -1.04325e+000
2.32000e-004 -1.03874e+000
2.33000e-004 -1.03426e+000
2.34000e-004 -1.02981e+000
2.35000e-004 -1.02539e+000
2.36000e-004 -1.02100e+000
2.37000e-004 -1.01663e+000
2.38000e-004 -1.01230e+000
2.39000e-004 -1.00799e+000
2.40000e-004 -1.00371e+000
2.41000e-004 -9.99454e-001
2.42000e-004 -9.95228e-001
2.43000e-004 -9.91030e-001
2.44000e-004 -9.86857e-001
2.45000e-004 -9.82712e-001
2.46000e-004 -9.78593e-001
2.47000e-004 -9.74499e-001
2.48000e-004 -9.70432e-001
2.49000e-004 -9.66390e-001
2.50000e-004 -9.62373e-001
2.51000e-004 -9.58382e-001
2.52000e-004 -9.54415e-001
2.53000e-004 -9.50474e-001
2.54000e-004 -9.46556e-001
2.55000e-004 -9.42663e-001
2.56000e-004 -9.38794e-001
2.57000e-004 -9.34949e-001
2.58000e-004 -9.31127e-001
2.59000e-004 -9.27329e-001
2.60000e-004 -9.23555e-001
2.61000e-004 -9.19803e-001
2.62000e-004 -9.16074e-001
2.63000e-004 -9.12368e-001
2.64000e-004 -9.08684e-001
2.65000e-004 -9.05023e-001
2.66000e-004 -9.01383e-001
2.67000e-004 -8.97766e-001
2.68000e-004 -8.94170e-001
2.69000e-004 -8.90596e-001
2.70000e-004 -8.87044e-001
2.71000e-004 -8.83512e-001
2.72000e-004 -8.80002e-001
2.73000e-004 -8.76512e-001
2.74000e-004 -8.73044e-001
2.75000e-004 -8.69595e-001
2.76000e-004 -8.66167e-001
2.77000e-004 -8.62760e-001
2.78000e-004 -8.59372e-001
2.79000e-004 -8.56004e-001
2.80000e-004 -8.52656e-001
2.81000e-004 -8.49328e-001
2.82000e-004 -8.46019e-001
2.83000e-004 -8.42729e-001
2.84000e-004 -8.39458e-001
2.85000e-004 -8.36207e-001
2.86000e-004 -8.32974e-001
2.87000e-004 -8.29760e-001
2.88000e-004 -8.26564e-001
2.89000e-004 -8.23387e-001
2.90000e-004 -8.20228e-001
2.91000e-004 -8.17087e-001
2.92000e-004 -8.13964e-001
2.93000e-004 -8.10859e-001
2.94000e-004 -8.07771e-001
2.95000e-004 -8.04701e-001
2.96000e-004 -8.01649e-001
2.97000e-004 -7.98614e-001
2.98000e-004 -7.95596e-001
2.99000e-004 -7.92595e-001
3.00000e-004 -7.89611e-001
3.01000e-004 -7.86643e-001
3.02000e-004 -7.83693e-001
3.03000e-004 -7.80759e-001
3.04000e-004 -7.77841e-001
3.05000e-004 -7.74940e-001
3.06000e-004 -7.72054e-001
3.07000e-004 -7.69185e-001
3.08000e-004 -7.66332e-001
3.09000e-004 -7.63494e-001
3.10000e-004 -7.60673e-001
3.11000e-004 -7.57866e-001
3.12000e-004 -7.55076e-001
3.13000e-004 -7.52300e-001
3.14000e-004 -7.49540e-001
3.15000e-004 -7.46795e-001
3.16000e-004 -7.44065e-001
3.17000e-004 -7.41350e-001
3.18000e-004 -7.38650e-001
3.19000e-004 -7.35965e-001
3.20000e-004 -7.33294e-001
3.21000e-004 -7.30637e-001
3.22000e-004 -7.27995e-001
3.23000e-004 -7.25368e-001
3.24000e-004 -7.22754e-001
3.25000e-004 -7.20155e-001
3.26000e-004 -7.17570e-001
3.27000e-004 -7.14998e-001
3.28000e-004 -7.12440e-001
3.29000e-004 -7.09896e-001
3.30000e-004 -7.07366e-001
3.31000e-004 -7.04849e-001
3.32000e-004 -7.02346e-001
3.33000e-004 -6.99856e-001
3.34000e-004 -6.97379e-001
3.35000e-004 -6.94915e-001
3.36000e-004 -6.92465e-001
3.37000e-004 -6.90027e-001
3.38000e-004 -6.87602e-001
3.39000e-004 -6.85190e-001
3.40000e-004 -6.82791e-001
3.41000e-004 -6.80404e-001
3.42000e-004 -6.78030e-001
3.43000e-004 -6.75669e-001
3.44000e-004 -6.73319e-001
3.45000e-004 -6.70982e-001
3.46000e-004 -6.68658e-001
3.47000e-004 -6.66345e-001
3.48000e-004 -6.64044e-001
3.49000e-004 -6.61756e-001
3.50000e-004 -6.59479e-001
3.51000e-004 -6.57214e-001
3.52000e-004 -6.54961e-001
3.53000e-004 -6.52719e-001
3.54000e-004 -6.50489e-001
3.55000e-004 -6.48271e-001
3.56000e-004 -6.46064e-001
3.57000e-004 -6.43868e-001
3.58000e-004 -6.41684e-001
3.59000e-004 -6.39510e-001
3.60000e-004 -6.37348e-001
3.61000e-004 -6.35197e-001
3.62000e-004 -6.33057e-001
3.63000e-004 -6.30928e-001
3.64000e-004 -6.28810e-001
3.65000e-004 -6.26702e-001
3.66000e-004 -6.24606e-001
3.67000e-004 -6.22520e-001
3.68000e-004 -6.20444e-001
3.69000e-004 -6.18379e-001
3.70000e-004 -6.16324e-001
3.71000e-004 -6.14280e-001
3.72000e-004 -6.12246e-001
3.73000e-004 -6.10222e-001
3.74000e-004 -6.08209e-001
3.75000e-004 -6.06206e-001
3.76000e-004 -6.04212e-001
3.77000e-004 -6.02229e-001
3.78000e-004 -6.00255e-001
3.79000e-004 -5.98292e-001
3.80000e-004 -5.96338e-001
3.81000e-004 -5.94394e-001
3.82000e-004 -5.92460e-001
3.83000e-004 -5.90535e-001
3.84000e-004 -5.88620e-001
3.85000e-004 -5.86714e-001
3.86000e-004 -5.84818e-001
3.87000e-004 -5.82931e-001
3.88000e-004 -5.81054e-001
3.89000e-004 -5.79186e-001
3.90000e-004 -5.77327e-001
3.91000e-004 -5.75477e-001
3.92000e-004 -5.73636e-001
3.93000e-004 -5.71805e-001
3.94000e-004 -5.69982e-001
3.95000e-004 -5.68168e-001
3.96000e-004 -5.66363e-001
3.97000e-004 -5.64567e-001
3.98000e-004 -5.62780e-001
3.99000e-004 -5.61002e-001
4.00000e-004 -5.59232e-001
4.01000e-004 -5.57471e-001
4.02000e-004 -5.55718e-001
4.03000e-004 -5.53974e-001
4.04000e-004 -5.52238e-001
4.05000e-004 -5.50511e-001
4.06000e-004 -5.48792e-001
4.07000e-004 -5.47082e-001
4.08000e-004 -5.45380e-001
4.09000e-004 -5.43686e-001
4.10000e-004 -5.42000e-001
4.11000e-004 -5.40322e-001
4.12000e-004 -5.38652e-001
4.13000e-004 -5.36991e-001
4.14000e-004 -5.35337e-001
4.15000e-004 -5.33691e-001
4.16000e-004 -5.32054e-001
4.17000e-004 -5.30424e-001
4.18000e-004 -5.28802e-001
4.19000e-004 -5.27187e-001
4.20000e-004 -5.25581e-001
4.21000e-004 -5.23982e-001
4.22000e-004 -5.22390e-001
4.23000e-004 -5.20807e-001
4.24000e-004 -5.19230e-001
4.25000e-004 -5.17662e-001
4.26000e-004 -5.16100e-001
4.27000e-004 -5.14546e-001
4.28000e-004 -5.13000e-001
4.29000e-004 -5.11461e-001
4.30000e-004 -5.09929e-001
4.31000e-004 -5.08404e-001
4.32000e-004 -5.06887e-001
4.33000e-004 -5.05376e-001
4.34000e-004 -5.03873e-001
4.35000e-004 -5.02377e-001
4.36000e-004 -5.00888e-001
4.37000e-004 -1.00000e+000
4.38000e-004 -1.00000e+000
4.39000e-004 -1.00000e+000
4.40000e-004 -1.00000e+000
4.41000e-004 -1.00000e+000
4.42000e-004 -1.00000e+000
4.43000e-004 -1.00000e+000
4.44000e-004 -1.00000e+000
4.45000e-004 -1.00000e+000
4.46000e-004 -1.00000e+000
4.47000e-004 -1.00000e+000
4.48000e-004 -1.00000e+000
4.49000e-004 -1.00000e+000
4.50000e-004 -1.00000e+000
4.51000e-004 -1.00000e+000
4.52000e-004 -1.00000e+000
4.53000e-004 -1.00000e+000
4.54000e-004 -1.00000e+000
4.55000e-004 -1.00000e+000
4.56000e-004 -1.00000e+000
4.57000e-004 -1.00000e+000
4.58000e-004 -1.00000e+000
4.59000e-004 -1.00000e+000
4.60000e-004 -1.00000e+000
4.61000e-004 -1.00000e+000
4.62000e-004 -1.00000e+000
4.63000e-004 -1.00000e+000
4.64000e-004 -1.00000e+000
4.65000e-004 -1.00000e+000
4.66000e-004 -1.00000e+000
4.67000e-004 -1.00000e+000
4.68000e-004 -1.00000e+000
4.69000e-004 -1.00000e+000
4.70000e-004 -1.00000e+000
4.71000e-004 -1.00000e+000
4.72000e-004 -1.00000e+000
4.73000e-004 -1.00000e+000
4.74000e-004 -1.00000e+000
4.75000e-004 -1.00000e+000
4.76000e-004 -1.00000e+000
4.77000e-004 -1.00000e+000
4.78000e-004 -1.00000e+000
4.79000e-004 -1.00000e+000
4.80000e-004 -1.00000e+000
4.81000e-004 -1.00000e+000
4.82000e-004 -1.00000e+000
4.83000e-004 -1.00000e+000
4.84000e-004 -1.00000e+000
4.85000e-004 -1.00000e+000
4.86000e-004 -1.00000e+000
4.87000e-004 -1.00000e+000
4.88000e-004 -1.00000e+000
4.89000e-004 -1.00000e+000
4.90000e-004 -1.00000e+000
4.91000e-004 -1.00000e+000
4.92000e-004 -1.00000e+000
4.93000e-004 -1.00000e+000
4.94000e-004 -1.00000e+000
4.95000e-004 -1.00000e+000
4.96000e-004 -1.00000e+000
4.97000e-004 -1.00000e+000
4.98000e-004 -1.00000e+000
4.99000e-004 -1.00000e+000
5.00000e-004 -1.00000e+000
5.01000e-004 -1.00000e+000
5.02000e-004 -1.00000e+000
5.03000e-004 -1.00000e+000
5.04000e-004 -1.00000e+000
5.05000e-004 -1.00000e+000
5.06000e-004 -1.00000e+000
5.07000e-004 -1.00000e+000
5.08000e-004 -1.00000e+000
5.09000e-004 -1.00000e+000
5.10000e-004 -1.00000e+000
5.11000e-004 -1.00000e+000
5.12000e-004 -1.00000e+000
5.13000e-004 -1.00000e+000
5.14000e-004 -1.00000e+000
5.15000e-004 -1.00000e+000
5.16000e-004 -1.00000e+000
5.17000e-004 -1.00000e+000
5.18000e-004 -1.00000e+000
5.19000e-004 -1.00000e+000
5.20000e-004 -1.00000e+000
5.21000e-004 -1.00000e+000
5.22000e-004 -1.00000e+000
5.23000e-004 -1.00000e+000
5.24000e-004 -1.00000e+000
5.25000e-004 -1.00000e+000
5.26000e-004 -1.00000e+000
5.27000e-004 -1.00000e+000
5.28000e-004 -1.00000e+000
5.29000e-004 -1.00000e+000
5.30000e-004 -1.00000e+000
5.31000e-004 -1.00000e+000
5.32000e-004 -1.00000e+000
5.33000e-004 -1.00000e+000
5.34000e-004 -1.00000e+000
5.35000e-004 -1.00000e+000
5.36000e-004 -1.00000e+000
5.37000e-004 -1.00000e+000
5.38000e-004 -1.00000e+000
5.39000e-004 5.00000e-002
