0.00000e+000 -5.00000e-002
1.00000e-006 -4.94652e+000
2.00000e-006 -4.94707e+000
3.00000e-006 -4.93707e+000
4.00000e-006 -4.92635e+000
5.00000e-006 -4.91487e+000
6.00000e-006 -4.90255e+000
7.00000e-006 -4.88930e+000
8.00000e-006 -4.87505e+000
9.00000e-006 -4.85973e+000
1.00000e-005 -4.84327e+000
1.10000e-005 -4.82564e+000
1.20000e-005 -4.80677e+000
1.30000e-005 -4.78664e+000
1.40000e-005 -4.76520e+000
1.50000e-005 -4.74245e+000
1.60000e-005 -4.71836e+000
1.70000e-005 -4.69294e+000
1.80000e-005 -4.66620e+000
1.90000e-005 -4.63816e+000
2.00000e-005 -4.60885e+000
2.10000e-005 -4.57832e+000
2.20000e-005 -4.54662e+000
2.30000e-005 -4.51382e+000
2.40000e-005 -4.47998e+000
2.50000e-005 -4.44519e+000
2.60000e-005 -4.40954e+000
2.70000e-005 -4.37311e+000
2.80000e-005 -4.33599e+000
2.90000e-005 -4.29828e+000
3.00000e-005 -4.26008e+000
3.10000e-005 -4.22147e+000
3.20000e-005 -4.18254e+000
3.30000e-005 -4.14339e+000
3.40000e-005 -4.10409e+000
3.50000e-005 -4.06472e+000
3.60000e-005 -4.02535e+000
3.70000e-005 -3.98606e+000
3.80000e-005 -3.94689e+000
3.90000e-005 -3.90791e+000
4.00000e-005 -3.86917e+000
4.10000e-005 -3.83071e+000
4.20000e-005 -3.79257e+000
4.30000e-005 -3.75478e+000
4.40000e-005 -3.71737e+000
4.50000e-005 -3.68037e+000
4.60000e-005 -3.64381e+000
4.70000e-005 -3.60769e+000
4.80000e-005 -3.57203e+000
4.90000e-005 -3.53685e+000
5.00000e-005 -3.50215e+000
5.10000e-005 -3.46794e+000
5.20000e-005 -3.43423e+000
5.30000e-005 -3.40101e+000
5.40000e-005 -3.36829e+000
5.50000e-005 -3.33606e+000
5.60000e-005 -3.30433e+000
5.70000e-005 -3.27309e+000
5.80000e-005 -3.24234e+000
5.90000e-005 -3.21207e+000
6.00000e-005 -3.18228e+000
6.10000e-005 -3.15297e+000
6.20000e-005 -3.12411e+000
6.30000e-005 -3.09572e+000
6.40000e-005 -3.06778e+000
6.50000e-005 -3.04028e+000
6.60000e-005 -3.01321e+000
6.70000e-005 -2.98658e+000
6.80000e-005 -2.96036e+000
6.90000e-005 -2.93456e+000
7.00000e-005 -2.90916e+000
7.10000e-005 -2.88416e+000
7.20000e-005 -2.85955e+000
7.30000e-005 -2.83532e+000
7.40000e-005 -2.81146e+000
7.50000e-005 -2.78797e+000
7.60000e-005 -2.76484e+000
7.70000e-005 -2.74205e+000
7.80000e-005 -2.71961e+000
7.90000e-005 -2.69751e+000
8.00000e-005 -2.67573e+000
8.10000e-005 -2.65428e+000
8.20000e-005 -2.63314e+000
8.30000e-005 -2.61230e+000
8.40000e-005 -2.59177e+000
8.50000e-005 -2.57154e+000
8.60000e-005 -2.55159e+000
8.70000e-005 -2.53193e+000
8.80000e-005 -2.51254e+000
8.90000e-005 -2.49343e+000
9.00000e-005 -2.47458e+000
9.10000e-005 -2.45599e+000
9.20000e-005 -2.43765e+000
9.30000e-005 -2.41957e+000
9.40000e-005 -2.40173e+000
9.50000e-005 -2.38412e+000
9.60000e-005 -2.36675e+000
9.70000e-005 -2.34961e+000
9.80000e-005 -2.33270e+000
9.90000e-005 -2.31600e+000
1.00000e-004 -2.29952e+000
1.01000e-004 -2.28325e+000
1.02000e-004 -2.26719e+000
1.03000e-004 -2.25133e+000
1.04000e-004 -2.23567e+000
1.05000e-004 -2.22021e+000
1.06000e-004 -2.20493e+000
1.07000e-004 -2.18985e+000
1.08000e-004 -2.17494e+000
1.09000e-004 -2.16022e+000
1.10000e-004 -2.14568e+000
1.11000e-004 -2.13131e+000
1.12000e-004 -2.11711e+000
1.13000e-004 -2.10308e+000
1.14000e-004 -2.08921e+000
1.15000e-004 -2.07550e+000
1.16000e-004 -2.06195e+000
1.17000e-004 -2.04856e+000
1.18000e-004 -2.03532e+000
1.19000e-004 -2.02223e+000
1.20000e-004 -2.00928e+000
1.21000e-004 -1.99648e+000
1.22000e-004 -1.98383e+000
1.23000e-004 -1.97131e+000
1.24000e-004 -1.95893e+000
1.25000e-004 -1.94668e+000
1.26000e-004 -1.93457e+000
1.27000e-004 -1.92259e+000
1.28000e-004 -1.91073e+000
1.29000e-004 -1.89900e+000
1.30000e-004 -1.88740e+000
1.31000e-004 -1.87591e+000
1.32000e-004 -1.86455e+000
1.33000e-004 -1.85331e+000
1.34000e-004 -1.84218e+000
1.35000e-004 -1.83116e+000
1.36000e-004 -1.82026e+000
1.37000e-004 -1.80946e+000
1.38000e-004 -1.79878e+000
1.39000e-004 -1.78820e+000
1.40000e-004 -1.77773e+000
1.41000e-004 -1.76736e+000
1.42000e-004 -1.75709e+000
1.43000e-004 -1.74692e+000
1.44000e-004 -1.73686e+000
1.45000e-004 -1.72689e+000
1.46000e-004 -1.71701e+000
1.47000e-004 -1.70723e+000
1.48000e-004 -1.69755e+000
1.49000e-004 -1.68795e+000
1.50000e-004 -1.67845e+000
1.51000e-004 -1.66903e+000
1.52000e-004 -1.65970e+000
1.53000e-004 -1.65046e+000
1.54000e-004 -1.64131e+000
1.55000e-004 -1.63223e+000
1.56000e-004 -1.62324e+000
1.57000e-004 -1.61434e+000
1.58000e-004 -1.60551e+000
1.59000e-004 -1.59676e+000
1.60000e-004 -1.58809e+000
1.61000e-004 -1.57950e+000
1.62000e-004 -1.57098e+000
1.63000e-004 -1.56254e+000
1.64000e-004 -1.55418e+000
1.65000e-004 -1.54588e+000
1.66000e-004 -1.53766e+000
1.67000e-004 -1.52951e+000
1.68000e-004 -1.52143e+000
1.69000e-004 -1.51342e+000
1.70000e-004 -1.50547e+000
1.71000e-004 -1.49760e+000
1.72000e-004 -1.48979e+000
1.73000e-004 -1.48205e+000
1.74000e-004 -1.47437e+000
1.75000e-004 -1.46676e+000
1.76000e-004 -1.45920e+000
1.77000e-004 -1.45172e+000
1.78000e-004 -1.44429e+000
1.79000e-004 -1.43692e+000
1.80000e-004 -1.42962e+000
1.81000e-004 -1.42237e+000
1.82000e-004 -1.41518e+000
1.83000e-004 -1.40806e+000
1.84000e-004 -1.40098e+000
1.85000e-004 -1.39397e+000
1.86000e-004 -1.38701e+000
1.87000e-004 -1.38010e+000
1.88000e-004 -1.37325e+000
1.89000e-004 -1.36646e+000
1.90000e-004 -1.35971e+000
1.91000e-004 -1.35302e+000
1.92000e-004 -1.34638e+000
1.93000e-004 -1.33980e+000
1.94000e-004 -1.33326e+000
1.95000e-004 -1.32678e+000
1.96000e-004 -1.32034e+000
1.97000e-004 -1.31395e+000
1.98000e-004 -1.30761e+000
1.99000e-004 -1.30132e+000
2.00000e-004 -1.29508e+000
2.01000e-004 -1.28888e+000
2.02000e-004 -1.28273e+000
2.03000e-004 -1.27663e+000
2.04000e-004 -1.27057e+000
2.05000e-004 -1.26456e+000
2.06000e-004 -1.25859e+000
2.07000e-004 -1.25266e+000
2.08000e-004 -1.24678e+000
2.09000e-004 -1.24094e+000
2.10000e-004 -1.23514e+000
2.11000e-004 -1.22939e+000
2.12000e-004 -1.22368e+000
2.13000e-004 -1.21800e+000
2.14000e-004 -1.21237e+000
2.15000e-004 -1.20678e+000
2.16000e-004 -1.20123e+000
2.17000e-004 -1.19572e+000
2.18000e-004 -1.19025e+000
2.19000e-004 -1.18481e+000
2.20000e-004 -1.17942e+000
2.21000e-004 -1.17406e+000
2.22000e-004 -1.16874e+000
2.23000e-004 -1.16345e+000
2.24000e-004 -1.15821e+000
2.25000e-004 -1.15300e+000
2.26000e-004 -1.14782e+000
2.27000e-004 -1.14268e+000
2.28000e-004 -1.13758e+000
2.29000e-004 -1.13251e+000
2.30000e-004 -1.12748e+000
2.31000e-004 -1.12248e+000
2.32000e-004 -1.11751e+000
2.33000e-004 -1.11258e+000
2.34000e-004 -1.10768e+000
2.35000e-004 -1.10281e+000
2.36000e-004 -1.09798e+000
2.37000e-004 -1.09318e+000
2.38000e-004 -1.08841e+000
2.39000e-004 -1.08367e+000
2.40000e-004 -1.07896e+000
2.41000e-004 -1.07429e+000
2.42000e-004 -1.06964e+000
2.43000e-004 -1.06503e+000
2.44000e-004 -1.06045e+000
2.45000e-004 -1.05589e+000
2.46000e-004 -1.05137e+000
2.47000e-004 -1.04687e+000
2.48000e-004 -1.04241e+000
2.49000e-004 -1.03797e+000
2.50000e-004 -1.03356e+000
2.51000e-004 -1.02918e+000
2.52000e-004 -1.02483e+000
2.53000e-004 -1.02050e+000
2.54000e-004 -1.01621e+000
2.55000e-004 -1.01194e+000
2.56000e-004 -1.00770e+000
2.57000e-004 -1.00348e+000
2.58000e-004 -9.99291e-001
2.59000e-004 -9.95128e-001
2.60000e-004 -9.90992e-001
2.61000e-004 -9.86881e-001
2.62000e-004 -9.82796e-001
2.63000e-004 -9.78737e-001
2.64000e-004 -9.74703e-001
2.65000e-004 -9.70693e-001
2.66000e-004 -9.66709e-001
2.67000e-004 -9.62749e-001
2.68000e-004 -9.58813e-001
2.69000e-004 -9.54902e-001
2.70000e-004 -9.51015e-001
2.71000e-004 -9.47151e-001
2.72000e-004 -9.43311e-001
2.73000e-004 -9.39494e-001
2.74000e-004 -9.35700e-001
2.75000e-004 -9.31929e-001
2.76000e-004 -9.28181e-001
2.77000e-004 -9.24456e-001
2.78000e-004 -9.20753e-001
2.79000e-004 -9.17072e-001
2.80000e-004 -9.13414e-001
2.81000e-004 -9.09777e-001
2.82000e-004 -9.06161e-001
2.83000e-004 -9.02568e-001
2.84000e-004 -8.98995e-001
2.85000e-004 -8.95444e-001
2.86000e-004 -8.91914e-001
2.87000e-004 -8.88404e-001
2.88000e-004 -8.84915e-001
2.89000e-004 -8.81447e-001
2.90000e-004 -8.77999e-001
2.91000e-004 -8.74571e-001
2.92000e-004 -8.71163e-001
2.93000e-004 -8.67774e-001
2.94000e-004 -8.64406e-001
2.95000e-004 -8.61057e-001
2.96000e-004 -8.57727e-001
2.97000e-004 -8.54417e-001
2.98000e-004 -8.51125e-001
2.99000e-004 -8.47853e-001
3.00000e-004 -8.44599e-001
3.01000e-004 -8.41364e-001
3.02000e-004 -8.38148e-001
3.03000e-004 -8.34949e-001
3.04000e-004 -8.31769e-001
3.05000e-004 -8.28607e-001
3.06000e-004 -8.25463e-001
3.07000e-004 -8.22337e-001
3.08000e-004 -8.19228e-001
3.09000e-004 -8.16137e-001
3.10000e-004 -8.13064e-001
3.11000e-004 -8.10007e-001
3.12000e-004 -8.06968e-001
3.13000e-004 -8.03946e-001
3.14000e-004 -8.00940e-001
3.15000e-004 -7.97951e-001
3.16000e-004 -7.94979e-001
3.17000e-004 -7.92024e-001
3.18000e-004 -7.89085e-001
3.19000e-004 -7.86162e-001
3.20000e-004 -7.83255e-001
3.21000e-004 -7.80364e-001
3.22000e-004 -7.77489e-001
3.23000e-004 -7.74630e-001
3.24000e-004 -7.71787e-001
3.25000e-004 -7.68959e-001
3.26000e-004 -7.66146e-001
3.27000e-004 -7.63349e-001
3.28000e-004 -7.60568e-001
3.29000e-004 -7.57801e-001
3.30000e-004 -7.55049e-001
3.31000e-004 -7.52313e-001
3.32000e-004 -7.49591e-001
3.33000e-004 -7.46883e-001
3.34000e-004 -7.44191e-001
3.35000e-004 -7.41512e-001
3.36000e-004 -7.38849e-001
3.37000e-004 -7.36199e-001
3.38000e-004 -7.33564e-001
3.39000e-004 -7.30943e-001
3.40000e-004 -7.28335e-001
3.41000e-004 -7.25742e-001
3.42000e-004 -7.23163e-001
3.43000e-004 -7.20597e-001
3.44000e-004 -7.18045e-001
3.45000e-004 -7.15506e-001
3.46000e-004 -7.12981e-001
3.47000e-004 -7.10469e-001
3.48000e-004 -7.07970e-001
3.49000e-004 -7.05484e-001
3.50000e-004 -7.03012e-001
3.51000e-004 -7.00552e-001
3.52000e-004 -6.98106e-001
3.53000e-004 -6.95672e-001
3.54000e-004 -6.93251e-001
3.55000e-004 -6.90842e-001
3.56000e-004 -6.88446e-001
3.57000e-004 -6.86063e-001
3.58000e-004 -6.83692e-001
3.59000e-004 -6.81333e-001
3.60000e-004 -6.78987e-001
3.61000e-004 -6.76652e-001
3.62000e-004 -6.74330e-001
3.63000e-004 -6.72019e-001
3.64000e-004 -6.69721e-001
3.65000e-004 -6.67434e-001
3.66000e-004 -6.65159e-001
3.67000e-004 -6.62896e-001
3.68000e-004 -6.60644e-001
3.69000e-004 -6.58404e-001
3.70000e-004 -6.56175e-001
3.71000e-004 -6.53958e-001
3.72000e-004 -6.51751e-001
3.73000e-004 -6.49557e-001
3.74000e-004 -6.47373e-001
3.75000e-004 -6.45200e-001
3.76000e-004 -6.43038e-001
3.77000e-004 -6.40888e-001
3.78000e-004 -6.38748e-001
3.79000e-004 -6.36619e-001
3.80000e-004 -6.34500e-001
3.81000e-004 -6.32393e-001
3.82000e-004 -6.30296e-001
3.83000e-004 -6.28209e-001
3.84000e-004 -6.26133e-001
3.85000e-004 -6.24067e-001
3.86000e-004 -6.22012e-001
3.87000e-004 -6.19966e-001
3.88000e-004 -6.17931e-001
3.89000e-004 -6.15907e-001
3.90000e-004 -6.13892e-001
3.91000e-004 -6.11887e-001
3.92000e-004 -6.09892e-001
3.93000e-004 -6.07907e-001
3.94000e-004 -6.05932e-001
3.95000e-004 -6.03967e-001
3.96000e-004 -6.02011e-001
3.97000e-004 -6.00065e-001
3.98000e-004 -5.98129e-001
3.99000e-004 -5.96202e-001
4.00000e-004 -5.94285e-001
4.01000e-004 -5.92377e-001
4.02000e-004 -5.90478e-001
4.03000e-004 -5.88589e-001
4.04000e-004 -5.86709e-001
4.05000e-004 -5.84838e-001
4.06000e-004 -5.82976e-001
4.07000e-004 -5.81123e-001
4.08000e-004 -5.79280e-001
4.09000e-004 -5.77445e-001
4.10000e-004 -5.75619e-001
4.11000e-004 -5.73802e-001
4.12000e-004 -5.71994e-001
4.13000e-004 -5.70195e-001
4.14000e-004 -5.68404e-001
4.15000e-004 -5.66622e-001
4.16000e-004 -5.64848e-001
4.17000e-004 -5.63083e-001
4.18000e-004 -5.61327e-001
4.19000e-004 -5.59579e-001
4.20000e-004 -5.57840e-001
4.21000e-004 -5.56108e-001
4.22000e-004 -5.54385e-001
4.23000e-004 -5.52671e-001
4.24000e-004 -5.50964e-001
4.25000e-004 -5.49266e-001
4.26000e-004 -5.47576e-001
4.27000e-004 -5.45894e-001
4.28000e-004 -5.44220e-001
4.29000e-004 -5.42554e-001
4.30000e-004 -5.40895e-001
4.31000e-004 -5.39245e-001
4.32000e-004 -5.37602e-001
4.33000e-004 -5.35968e-001
4.34000e-004 -5.34341e-001
4.35000e-004 -5.32721e-001
4.36000e-004 -5.31110e-001
4.37000e-004 -5.29506e-001
4.38000e-004 -5.27909e-001
4.39000e-004 -5.26320e-001
4.40000e-004 -5.24739e-001
4.41000e-004 -5.23165e-001
4.42000e-004 -5.21598e-001
4.43000e-004 -5.20039e-001
4.44000e-004 -5.18487e-001
4.45000e-004 -5.16942e-001
4.46000e-004 -5.15405e-001
4.47000e-004 -5.13874e-001
4.48000e-004 -5.12351e-001
4.49000e-004 -5.10835e-001
4.50000e-004 -5.09326e-001
4.51000e-004 -5.07824e-001
4.52000e-004 -5.06329e-001
4.53000e-004 -5.04841e-001
4.54000e-004 -5.03360e-001
4.55000e-004 -5.01886e-001
4.56000e-004 -5.00419e-001
4.57000e-004 -1.00000e+000
4.58000e-004 -1.00000e+000
4.59000e-004 -1.00000e+000
4.60000e-004 -1.00000e+000
4.61000e-004 -1.00000e+000
4.62000e-004 -1.00000e+000
4.63000e-004 -1.00000e+000
4.64000e-004 -1.00000e+000
4.65000e-004 -1.00000e+000
4.66000e-004 -1.00000e+000
4.67000e-004 -1.00000e+000
4.68000e-004 -1.00000e+000
4.69000e-004 -1.00000e+000
4.70000e-004 -1.00000e+000
4.71000e-004 -1.00000e+000
4.72000e-004 -1.00000e+000
4.73000e-004 -1.00000e+000
4.74000e-004 -1.00000e+000
4.75000e-004 -1.00000e+000
4.76000e-004 -1.00000e+000
4.77000e-004 -1.00000e+000
4.78000e-004 -1.00000e+000
4.79000e-004 -1.00000e+000
4.80000e-004 -1.00000e+000
4.81000e-004 -1.00000e+000
4.82000e-004 -1.00000e+000
4.83000e-004 -1.00000e+000
4.84000e-004 -1.00000e+000
4.85000e-004 -1.00000e+000
4.86000e-004 -1.00000e+000
4.87000e-004 -1.00000e+000
4.88000e-004 -1.00000e+000
4.89000e-004 -1.00000e+000
4.90000e-004 -1.00000e+000
4.91000e-004 -1.00000e+000
4.92000e-004 -1.00000e+000
4.93000e-004 -1.00000e+000
4.94000e-004 -1.00000e+000
4.95000e-004 -1.00000e+000
4.96000e-004 -1.00000e+000
4.97000e-004 -1.00000e+000
4.98000e-004 -1.00000e+000
4.99000e-004 -1.00000e+000
5.00000e-004 -1.00000e+000
5.01000e-004 -1.00000e+000
5.02000e-004 -1.00000e+000
5.03000e-004 -1.00000e+000
5.04000e-004 -1.00000e+000
5.05000e-004 -1.00000e+000
5.06000e-004 -1.00000e+000
5.07000e-004 -1.00000e+000
5.08000e-004 -1.00000e+000
5.09000e-004 -1.00000e+000
5.10000e-004 -1.00000e+000
5.11000e-004 -1.00000e+000
5.12000e-004 -1.00000e+000
5.13000e-004 -1.00000e+000
5.14000e-004 -1.00000e+000
5.15000e-004 -1.00000e+000
5.16000e-004 -1.00000e+000
5.17000e-004 -1.00000e+000
5.18000e-004 -1.00000e+000
5.19000e-004 -1.00000e+000
5.20000e-004 -1.00000e+000
5.21000e-004 -1.00000e+000
5.22000e-004 -1.00000e+000
5.23000e-004 -1.00000e+000
5.24000e-004 -1.00000e+000
5.25000e-004 -1.00000e+000
5.26000e-004 -1.00000e+000
5.27000e-004 -1.00000e+000
5.28000e-004 -1.00000e+000
5.29000e-004 -1.00000e+000
5.30000e-004 -1.00000e+000
5.31000e-004 -1.00000e+000
5.32000e-004 -1.00000e+000
5.33000e-004 -1.00000e+000
5.34000e-004 -1.00000e+000
5.35000e-004 -1.00000e+000
5.36000e-004 -1.00000e+000
5.37000e-004 -1.00000e+000
5.38000e-004 -1.00000e+000
5.39000e-004 -1.00000e+000
5.40000e-004 -1.00000e+000
5.41000e-004 -1.00000e+000
5.42000e-004 -1.00000e+000
5.43000e-004 -1.00000e+000
5.44000e-004 -1.00000e+000
5.45000e-004 -1.00000e+000
5.46000e-004 -1.00000e+000
5.47000e-004 -1.00000e+000
5.48000e-004 -1.00000e+000
5.49000e-004 -1.00000e+000
5.50000e-004 -1.00000e+000
5.51000e-004 -1.00000e+000
5.52000e-004 -1.00000e+000
5.53000e-004 -1.00000e+000
5.54000e-004 -1.00000e+000
5.55000e-004 -1.00000e+000
5.56000e-004 -1.00000e+000
5.57000e-004 -1.00000e+000
5.58000e-004 -1.00000e+000
5.59000e-004 -1.00000e+000
5.60000e-004 -1.00000e+000
5.61000e-004 -1.00000e+000
5.62000e-004 -1.00000e+000
5.63000e-004 -1.00000e+000
5.64000e-004 -1.00000e+000
5.65000e-004 -1.00000e+000
5.66000e-004 -1.00000e+000
5.67000e-004 -1.00000e+000
5.68000e-004 -1.00000e+000
5.69000e-004 -1.00000e+000
5.70000e-004 -1.00000e+000
5.71000e-004 -1.00000e+000
5.72000e-004 -1.00000e+000
5.73000e-004 -1.00000e+000
5.74000e-004 -1.00000e+000
5.75000e-004 -1.00000e+000
5.76000e-004 -1.00000e+000
5.77000e-004 -1.00000e+000
5.78000e-004 -1.00000e+000
5.79000e-004 -1.00000e+000
5.80000e-004 -1.00000e+000
5.81000e-004 -1.00000e+000
5.82000e-004 -1.00000e+000
5.83000e-004 -1.00000e+000
5.84000e-004 -1.00000e+000
5.85000e-004 -1.00000e+000
5.86000e-004 -1.00000e+000
5.87000e-004 -1.00000e+000
5.88000e-004 -1.00000e+000
5.89000e-004 -1.00000e+000
5.90000e-004 -1.00000e+000
5.91000e-004 -1.00000e+000
5.92000e-004 -1.00000e+000
5.93000e-004 -1.00000e+000
5.94000e-004 -1.00000e+000
5.95000e-004 -1.00000e+000
5.96000e-004 -1.00000e+000
5.97000e-004 -1.00000e+000
5.98000e-004 -1.00000e+000
5.99000e-004 -1.00000e+000
6.00000e-004 -1.00000e+000
6.01000e-004 -1.00000e+000
6.02000e-004 -1.00000e+000
6.03000e-004 -1.00000e+000
6.04000e-004 -1.00000e+000
6.05000e-004 -1.00000e+000
6.06000e-004 -1.00000e+000
6.07000e-004 -1.00000e+000
6.08000e-004 -1.00000e+000
6.09000e-004 -1.00000e+000
6.10000e-004 -1.00000e+000
6.11000e-004 -1.00000e+000
6.12000e-004 -1.00000e+000
6.13000e-004 -1.00000e+000
6.14000e-004 -1.00000e+000
6.15000e-004 -1.00000e+000
6.16000e-004 -1.00000e+000
6.17000e-004 -1.00000e+000
6.18000e-004 -1.00000e+000
6.19000e-004 -1.00000e+000
6.20000e-004 -1.00000e+000
6.21000e-004 -1.00000e+000
6.22000e-004 -1.00000e+000
6.23000e-004 -1.00000e+000
6.24000e-004 -1.00000e+000
6.25000e-004 -1.00000e+000
6.26000e-004 -1.00000e+000
6.27000e-004 -1.00000e+000
6.28000e-004 -1.00000e+000
6.29000e-004 -1.00000e+000
6.30000e-004 -1.00000e+000
6.31000e-004 -1.00000e+000
6.32000e-004 -1.00000e+000
6.33000e-004 -1.00000e+000
6.34000e-004 -1.00000e+000
6.35000e-004 -1.00000e+000
6.36000e-004 -1.00000e+000
6.37000e-004 -1.00000e+000
6.38000e-004 -1.00000e+000
6.39000e-004 -1.00000e+000
6.40000e-004 -1.00000e+000
6.41000e-004 -1.00000e+000
6.42000e-004 -1.00000e+000
6.43000e-004 -1.00000e+000
6.44000e-004 -1.00000e+000
6.45000e-004 -1.00000e+000
6.46000e-004 -1.00000e+000
6.47000e-004 -1.00000e+000
6.48000e-004 -1.00000e+000
6.49000e-004 -1.00000e+000
6.50000e-004 -1.00000e+000
6.51000e-004 -1.00000e+000
6.52000e-004 -1.00000e+000
6.53000e-004 -1.00000e+000
6.54000e-004 -1.00000e+000
6.55000e-004 -1.00000e+000
6.56000e-004 -1.00000e+000
6.57000e-004 -1.00000e+000
6.58000e-004 -1.00000e+000
6.59000e-004 -1.00000e+000
6.60000e-004 -1.00000e+000
6.61000e-004 -1.00000e+000
6.62000e-004 -1.00000e+000
6.63000e-004 -1.00000e+000
6.64000e-004 -1.00000e+000
6.65000e-004 -1.00000e+000
6.66000e-004 -1.00000e+000
6.67000e-004 -1.00000e+000
6.68000e-004 -1.00000e+000
6.69000e-004 -1.00000e+000
6.70000e-004 -1.00000e+000
6.71000e-004 6.03647e-001
6.72000e-004 6.10896e-001
6.73000e-004 -3.39712e+000
6.74000e-004 -4.07715e+000
6.75000e-004 -4.06082e+000
6.76000e-004 -4.02248e+000
6.77000e-004 -3.98324e+000
6.78000e-004 -3.94409e+000
6.79000e-004 -3.90512e+000
6.80000e-004 -3.86640e+000
6.81000e-004 -3.82796e+000
6.82000e-004 -3.78984e+000
6.83000e-004 -3.75208e+000
6.84000e-004 -3.71470e+000
6.85000e-004 -3.67773e+000
6.86000e-004 -3.64120e+000
6.87000e-004 -3.60511e+000
6.88000e-004 -3.56949e+000
6.89000e-004 -3.53434e+000
6.90000e-004 -3.49968e+000
6.91000e-004 -3.46551e+000
6.92000e-004 -3.43183e+000
6.93000e-004 -3.39864e+000
6.94000e-004 -3.36596e+000
6.95000e-004 -3.33377e+000
6.96000e-004 -3.30207e+000
6.97000e-004 -3.27087e+000
6.98000e-004 -3.24015e+000
6.99000e-004 -3.20992e+000
7.00000e-004 -3.18016e+000
7.01000e-004 -3.15088e+000
7.02000e-004 -3.12206e+000
7.03000e-004 -3.09370e+000
7.04000e-004 -3.06579e+000
7.05000e-004 -3.03832e+000
7.06000e-004 -3.01129e+000
7.07000e-004 -2.98468e+000
7.08000e-004 -2.95850e+000
7.09000e-004 -2.93272e+000
7.10000e-004 -2.90735e+000
7.11000e-004 -2.88238e+000
7.12000e-004 -2.85780e+000
7.13000e-004 -2.83359e+000
7.14000e-004 -2.80976e+000
7.15000e-004 -2.78630e+000
7.16000e-004 -2.76319e+000
7.17000e-004 -2.74043e+000
7.18000e-004 -2.71801e+000
7.19000e-004 -2.69593e+000
7.20000e-004 -2.67418e+000
7.21000e-004 -2.65275e+000
7.22000e-004 -2.63163e+000
7.23000e-004 -2.61082e+000
7.24000e-004 -2.59031e+000
7.25000e-004 -2.57010e+000
7.26000e-004 -2.55017e+000
7.27000e-004 -2.53053e+000
7.28000e-004 -2.51116e+000
7.29000e-004 -2.49207e+000
7.30000e-004 -2.47324e+000
7.31000e-004 -2.45467e+000
7.32000e-004 -2.43635e+000
7.33000e-004 -2.41828e+000
7.34000e-004 -2.40045e+000
7.35000e-004 -2.38287e+000
7.36000e-004 -2.36551e+000
7.37000e-004 -2.34839e+000
7.38000e-004 -2.33149e+000
7.39000e-004 -2.31481e+000
7.40000e-004 -2.29835e+000
7.41000e-004 -2.28209e+000
7.42000e-004 -2.26604e+000
7.43000e-004 -2.25020e+000
7.44000e-004 -2.23455e+000
7.45000e-004 -2.21910e+000
7.46000e-004 -2.20384e+000
7.47000e-004 -2.18877e+000
7.48000e-004 -2.17388e+000
7.49000e-004 -2.15917e+000
7.50000e-004 -2.14464e+000
7.51000e-004 -2.13028e+000
7.52000e-004 -2.11610e+000
7.53000e-004 -2.10208e+000
7.54000e-004 -2.08822e+000
7.55000e-004 -2.07452e+000
7.56000e-004 -2.06099e+000
7.57000e-004 -2.04760e+000
7.58000e-004 -2.03437e+000
7.59000e-004 -2.02129e+000
7.60000e-004 -2.00836e+000
7.61000e-004 -1.99557e+000
7.62000e-004 -1.98292e+000
7.63000e-004 -1.97042e+000
7.64000e-004 -1.95804e+000
7.65000e-004 -1.94581e+000
7.66000e-004 -1.93371e+000
7.67000e-004 -1.92173e+000
7.68000e-004 -1.90989e+000
7.69000e-004 -1.89817e+000
7.70000e-004 -1.88657e+000
7.71000e-004 -1.87510e+000
7.72000e-004 -1.86374e+000
7.73000e-004 -1.85250e+000
7.74000e-004 -1.84138e+000
7.75000e-004 -1.83037e+000
7.76000e-004 -1.81948e+000
7.77000e-004 -1.80869e+000
7.78000e-004 -1.79801e+000
7.79000e-004 -1.78744e+000
7.80000e-004 -1.77698e+000
7.81000e-004 -1.76662e+000
7.82000e-004 -1.75636e+000
7.83000e-004 -1.74620e+000
7.84000e-004 -1.73614e+000
7.85000e-004 -1.72617e+000
7.86000e-004 -1.71631e+000
7.87000e-004 -1.70653e+000
7.88000e-004 -1.69685e+000
7.89000e-004 -1.68727e+000
7.90000e-004 -1.67777e+000
7.91000e-004 -1.66836e+000
7.92000e-004 -1.65904e+000
7.93000e-004 -1.64980e+000
7.94000e-004 -1.64065e+000
7.95000e-004 -1.63158e+000
7.96000e-004 -1.62260e+000
7.97000e-004 -1.61370e+000
7.98000e-004 -1.60488e+000
7.99000e-004 -1.59614e+000
8.00000e-004 -1.58747e+000
8.01000e-004 -1.57889e+000
8.02000e-004 -1.57037e+000
8.03000e-004 -1.56194e+000
8.04000e-004 -1.55358e+000
8.05000e-004 -1.54529e+000
8.06000e-004 -1.53707e+000
8.07000e-004 -1.52893e+000
8.08000e-004 -1.52085e+000
8.09000e-004 -1.51284e+000
8.10000e-004 -1.50491e+000
8.11000e-004 -1.49704e+000
8.12000e-004 -1.48923e+000
8.13000e-004 -1.48149e+000
8.14000e-004 -1.47382e+000
8.15000e-004 -1.46621e+000
8.16000e-004 -1.45867e+000
8.17000e-004 -1.45118e+000
8.18000e-004 -1.44376e+000
8.19000e-004 -1.43640e+000
8.20000e-004 -1.42910e+000
8.21000e-004 -1.42185e+000
8.22000e-004 -1.41467e+000
8.23000e-004 -1.40755e+000
8.24000e-004 -1.40048e+000
8.25000e-004 -1.39347e+000
8.26000e-004 -1.38651e+000
8.27000e-004 -1.37961e+000
8.28000e-004 -1.37276e+000
8.29000e-004 -1.36597e+000
8.30000e-004 -1.35923e+000
8.31000e-004 -1.35254e+000
8.32000e-004 -1.34591e+000
8.33000e-004 -1.33933e+000
8.34000e-004 -1.33279e+000
8.35000e-004 -1.32631e+000
8.36000e-004 -1.31988e+000
8.37000e-004 -1.31350e+000
8.38000e-004 -1.30716e+000
8.39000e-004 -1.30087e+000
8.40000e-004 -1.29463e+000
8.41000e-004 -1.28844e+000
8.42000e-004 -1.28229e+000
8.43000e-004 -1.27619e+000
8.44000e-004 -1.27014e+000
8.45000e-004 -1.26413e+000
8.46000e-004 -1.25816e+000
8.47000e-004 -1.25224e+000
8.48000e-004 -1.24636e+000
8.49000e-004 -1.24052e+000
8.50000e-004 -1.23473e+000
8.51000e-004 -1.22898e+000
8.52000e-004 -1.22327e+000
8.53000e-004 -1.21760e+000
8.54000e-004 -1.21197e+000
8.55000e-004 -1.20638e+000
8.56000e-004 -1.20083e+000
8.57000e-004 -1.19532e+000
8.58000e-004 -1.18985e+000
8.59000e-004 -1.18442e+000
8.60000e-004 -1.17903e+000
8.61000e-004 -1.17367e+000
8.62000e-004 -1.16836e+000
8.63000e-004 -1.16308e+000
8.64000e-004 -1.15783e+000
8.65000e-004 -1.15262e+000
8.66000e-004 -1.14745e+000
8.67000e-004 -1.14232e+000
8.68000e-004 -1.13721e+000
8.69000e-004 -1.13215e+000
8.70000e-004 -1.12712e+000
8.71000e-004 -1.12212e+000
8.72000e-004 -1.11716e+000
8.73000e-004 -1.11223e+000
8.74000e-004 -1.10733e+000
8.75000e-004 -1.10246e+000
8.76000e-004 -1.09763e+000
8.77000e-004 -1.09283e+000
8.78000e-004 -1.08807e+000
8.79000e-004 -1.08333e+000
8.80000e-004 -1.07863e+000
8.81000e-004 -1.07395e+000
8.82000e-004 -1.06931e+000
8.83000e-004 -1.06470e+000
8.84000e-004 -1.06012e+000
8.85000e-004 -1.05557e+000
8.86000e-004 -1.05104e+000
8.87000e-004 -1.04655e+000
8.88000e-004 -1.04209e+000
8.89000e-004 -1.03765e+000
8.90000e-004 -1.03325e+000
8.91000e-004 -1.02887e+000
8.92000e-004 -1.02452e+000
8.93000e-004 -1.02019e+000
8.94000e-004 -1.01590e+000
8.95000e-004 -1.01163e+000
8.96000e-004 -1.00739e+000
8.97000e-004 -1.00318e+000
8.98000e-004 -9.98991e-001
8.99000e-004 -9.94831e-001
9.00000e-004 -9.90696e-001
9.01000e-004 -9.86587e-001
9.02000e-004 -9.82504e-001
9.03000e-004 -9.78446e-001
9.04000e-004 -9.74414e-001
9.05000e-004 -9.70406e-001
9.06000e-004 -9.66424e-001
9.07000e-004 -9.62466e-001
9.08000e-004 -9.58532e-001
9.09000e-004 -9.54622e-001
9.10000e-004 -9.50736e-001
9.11000e-004 -9.46874e-001
9.12000e-004 -9.43036e-001
9.13000e-004 -9.39221e-001
9.14000e-004 -9.35429e-001
9.15000e-004 -9.31660e-001
9.16000e-004 -9.27913e-001
9.17000e-004 -9.24189e-001
9.18000e-004 -9.20488e-001
9.19000e-004 -9.16809e-001
9.20000e-004 -9.13152e-001
9.21000e-004 -9.09516e-001
9.22000e-004 -9.05903e-001
9.23000e-004 -9.02310e-001
9.24000e-004 -8.98740e-001
9.25000e-004 -8.95190e-001
9.26000e-004 -8.91661e-001
9.27000e-004 -8.88153e-001
9.28000e-004 -8.84665e-001
9.29000e-004 -8.81198e-001
9.30000e-004 -8.77752e-001
9.31000e-004 -8.74325e-001
9.32000e-004 -8.70919e-001
9.33000e-004 -8.67532e-001
9.34000e-004 -8.64165e-001
9.35000e-004 -8.60817e-001
9.36000e-004 -8.57489e-001
9.37000e-004 -8.54180e-001
9.38000e-004 -8.50890e-001
9.39000e-004 -8.47619e-001
9.40000e-004 -8.44366e-001
9.41000e-004 -8.41133e-001
9.42000e-004 -8.37917e-001
9.43000e-004 -8.34721e-001
9.44000e-004 -8.31542e-001
9.45000e-004 -8.28381e-001
9.46000e-004 -8.25238e-001
9.47000e-004 -8.22113e-001
9.48000e-004 -8.19006e-001
9.49000e-004 -8.15916e-001
9.50000e-004 -8.12844e-001
9.51000e-004 -8.09788e-001
9.52000e-004 -8.06750e-001
9.53000e-004 -8.03729e-001
9.54000e-004 -8.00725e-001
9.55000e-004 -7.97737e-001
9.56000e-004 -7.94767e-001
9.57000e-004 -7.91812e-001
9.58000e-004 -7.88874e-001
9.59000e-004 -7.85952e-001
9.60000e-004 -7.83047e-001
9.61000e-004 -7.80157e-001
9.62000e-004 -7.77283e-001
9.63000e-004 -7.74425e-001
9.64000e-004 -7.71583e-001
9.65000e-004 -7.68756e-001
9.66000e-004 -7.65945e-001
9.67000e-004 -7.63149e-001
9.68000e-004 -7.60368e-001
9.69000e-004 -7.57603e-001
9.70000e-004 -7.54852e-001
9.71000e-004 -7.52117e-001
9.72000e-004 -7.49396e-001
9.73000e-004 -7.46689e-001
9.74000e-004 -7.43998e-001
9.75000e-004 -7.41321e-001
9.76000e-004 -7.38658e-001
9.77000e-004 -7.36010e-001
9.78000e-004 -7.33375e-001
9.79000e-004 -7.30755e-001
9.80000e-004 -7.28149e-001
9.81000e-004 -7.25556e-001
9.82000e-004 -7.22978e-001
9.83000e-004 -7.20413e-001
9.84000e-004 -7.17862e-001
9.85000e-004 -7.15324e-001
9.86000e-004 -7.12800e-001
9.87000e-004 -7.10289e-001
9.88000e-004 -7.07791e-001
9.89000e-004 -7.05306e-001
9.90000e-004 -7.02835e-001
9.91000e-004 -7.00376e-001
9.92000e-004 -6.97931e-001
9.93000e-004 -6.95498e-001
9.94000e-004 -6.93078e-001
9.95000e-004 -6.90670e-001
9.96000e-004 -6.88275e-001
9.97000e-004 -6.85892e-001
9.98000e-004 -6.83522e-001
9.99000e-004 -6.81164e-001
1.00000e-003 -6.78819e-001
1.00100e-003 -6.76485e-001
1.00200e-003 -6.74163e-001
1.00300e-003 -6.71854e-001
1.00400e-003 -6.69556e-001
1.00500e-003 -6.67270e-001
1.00600e-003 -6.64996e-001
1.00700e-003 -6.62734e-001
1.00800e-003 -6.60483e-001
1.00900e-003 -6.58243e-001
1.01000e-003 -6.56015e-001
1.01100e-003 -6.53799e-001
1.01200e-003 -6.51594e-001
1.01300e-003 -6.49399e-001
1.01400e-003 -6.47216e-001
1.01500e-003 -6.45045e-001
1.01600e-003 -6.42884e-001
1.01700e-003 -6.40734e-001
1.01800e-003 -6.38595e-001
1.01900e-003 -6.36466e-001
1.02000e-003 -6.34349e-001
1.02100e-003 -6.32242e-001
1.02200e-003 -6.30145e-001
1.02300e-003 -6.28060e-001
1.02400e-003 -6.25984e-001
1.02500e-003 -6.23919e-001
1.02600e-003 -6.21864e-001
1.02700e-003 -6.19820e-001
1.02800e-003 -6.17786e-001
1.02900e-003 -6.15762e-001
1.03000e-003 -6.13748e-001
1.03100e-003 -6.11744e-001
1.03200e-003 -6.09750e-001
1.03300e-003 -6.07765e-001
1.03400e-003 -6.05791e-001
1.03500e-003 -6.03826e-001
1.03600e-003 -6.01871e-001
1.03700e-003 -5.99926e-001
1.03800e-003 -5.97990e-001
1.03900e-003 -5.96064e-001
1.04000e-003 -5.94147e-001
1.04100e-003 -5.92240e-001
1.04200e-003 -5.90342e-001
1.04300e-003 -5.88453e-001
1.04400e-003 -5.86574e-001
1.04500e-003 -5.84704e-001
1.04600e-003 -5.82843e-001
1.04700e-003 -5.80991e-001
1.04800e-003 -5.79148e-001
1.04900e-003 -5.77313e-001
1.05000e-003 -5.75488e-001
1.05100e-003 -5.73672e-001
1.05200e-003 -5.71864e-001
1.05300e-003 -5.70066e-001
1.05400e-003 -5.68276e-001
1.05500e-003 -5.66494e-001
1.05600e-003 -5.64721e-001
1.05700e-003 -5.62957e-001
1.05800e-003 -5.61201e-001
1.05900e-003 -5.59454e-001
1.06000e-003 -5.57715e-001
1.06100e-003 -5.55984e-001
1.06200e-003 -5.54262e-001
1.06300e-003 -5.52548e-001
1.06400e-003 -5.50842e-001
1.06500e-003 -5.49144e-001
1.06600e-003 -5.47455e-001
1.06700e-003 -5.45773e-001
1.06800e-003 -5.44100e-001
1.06900e-003 -5.42434e-001
1.07000e-003 -5.40777e-001
1.07100e-003 -5.39127e-001
1.07200e-003 -5.37485e-001
1.07300e-003 -5.35851e-001
1.07400e-003 -5.34224e-001
1.07500e-003 -5.32605e-001
1.07600e-003 -5.30994e-001
1.07700e-003 -5.29391e-001
1.07800e-003 -5.27795e-001
1.07900e-003 -5.26207e-001
1.08000e-003 -5.24626e-001
1.08100e-003 -5.23052e-001
1.08200e-003 -5.21486e-001
1.08300e-003 -5.19927e-001
1.08400e-003 -5.18376e-001
1.08500e-003 -5.16832e-001
1.08600e-003 -5.15295e-001
1.08700e-003 -5.13765e-001
1.08800e-003 -5.12242e-001
1.08900e-003 -5.10727e-001
1.09000e-003 -5.09218e-001
1.09100e-003 -5.07717e-001
1.09200e-003 -5.06222e-001
1.09300e-003 -5.04735e-001
1.09400e-003 -5.03254e-001
1.09500e-003 -5.01781e-001
1.09600e-003 -5.00314e-001
1.09700e-003 -1.00000e+000
1.09800e-003 -1.00000e+000
1.09900e-003 -1.00000e+000
1.10000e-003 -1.00000e+000
1.10100e-003 -1.00000e+000
1.10200e-003 -1.00000e+000
1.10300e-003 -1.00000e+000
1.10400e-003 -1.00000e+000
1.10500e-003 -1.00000e+000
1.10600e-003 -1.00000e+000
1.10700e-003 -1.00000e+000
1.10800e-003 -1.00000e+000
1.10900e-003 -1.00000e+000
1.11000e-003 -1.00000e+000
1.11100e-003 -1.00000e+000
1.11200e-003 -1.00000e+000
1.11300e-003 -1.00000e+000
1.11400e-003 -1.00000e+000
1.11500e-003 -1.00000e+000
1.11600e-003 -1.00000e+000
1.11700e-003 -1.00000e+000
1.11800e-003 -1.00000e+000
1.11900e-003 -1.00000e+000
1.12000e-003 -1.00000e+000
1.12100e-003 -1.00000e+000
1.12200e-003 -1.00000e+000
1.12300e-003 -1.00000e+000
1.12400e-003 -1.00000e+000
1.12500e-003 -1.00000e+000
1.12600e-003 -1.00000e+000
1.12700e-003 -1.00000e+000
1.12800e-003 -1.00000e+000
1.12900e-003 -1.00000e+000
1.13000e-003 -1.00000e+000
1.13100e-003 -1.00000e+000
1.13200e-003 -1.00000e+000
1.13300e-003 -1.00000e+000
1.13400e-003 -1.00000e+000
1.13500e-003 -1.00000e+000
1.13600e-003 -1.00000e+000
1.13700e-003 -1.00000e+000
1.13800e-003 -1.00000e+000
1.13900e-003 -1.00000e+000
1.14000e-003 -1.00000e+000
1.14100e-003 -1.00000e+000
1.14200e-003 -1.00000e+000
1.14300e-003 -1.00000e+000
1.14400e-003 -1.00000e+000
1.14500e-003 -1.00000e+000
1.14600e-003 -1.00000e+000
1.14700e-003 -1.00000e+000
1.14800e-003 -1.00000e+000
1.14900e-003 -1.00000e+000
1.15000e-003 -1.00000e+000
1.15100e-003 -1.00000e+000
1.15200e-003 -1.00000e+000
1.15300e-003 -1.00000e+000
1.15400e-003 -1.00000e+000
1.15500e-003 -1.00000e+000
1.15600e-003 -1.00000e+000
1.15700e-003 -1.00000e+000
1.15800e-003 -1.00000e+000
1.15900e-003 -1.00000e+000
1.16000e-003 -1.00000e+000
1.16100e-003 -1.00000e+000
1.16200e-003 -1.00000e+000
1.16300e-003 -1.00000e+000
1.16400e-003 -1.00000e+000
1.16500e-003 -1.00000e+000
1.16600e-003 -1.00000e+000
1.16700e-003 -1.00000e+000
1.16800e-003 -1.00000e+000
1.16900e-003 -1.00000e+000
1.17000e-003 -1.00000e+000
1.17100e-003 -1.00000e+000
1.17200e-003 -1.00000e+000
1.17300e-003 -1.00000e+000
1.17400e-003 -1.00000e+000
1.17500e-003 -1.00000e+000
1.17600e-003 -1.00000e+000
1.17700e-003 -1.00000e+000
1.17800e-003 -1.00000e+000
1.17900e-003 -1.00000e+000
1.18000e-003 -1.00000e+000
1.18100e-003 -1.00000e+000
1.18200e-003 -1.00000e+000
1.18300e-003 -1.00000e+000
1.18400e-003 -1.00000e+000
1.18500e-003 -1.00000e+000
1.18600e-003 -1.00000e+000
1.18700e-003 -1.00000e+000
1.18800e-003 -1.00000e+000
1.18900e-003 -1.00000e+000
1.19000e-003 -1.00000e+000
1.19100e-003 -1.00000e+000
1.19200e-003 -1.00000e+000
1.19300e-003 -1.00000e+000
1.19400e-003 -1.00000e+000
1.19500e-003 -1.00000e+000
1.19600e-003 -1.00000e+000
1.19700e-003 -1.00000e+000
1.19800e-003 -1.00000e+000
1.19900e-003 -1.00000e+000
1.20000e-003 5.00000e-002
