0.00000e+000 -5.00000e-002
1.00000e-006 -4.73262e+000
2.00000e-006 -4.73510e+000
3.00000e-006 -4.69623e+000
4.00000e-006 -4.65492e+000
5.00000e-006 -4.61284e+000
6.00000e-006 -4.57001e+000
7.00000e-006 -4.52647e+000
8.00000e-006 -4.48227e+000
9.00000e-006 -4.43750e+000
1.00000e-005 -4.39227e+000
1.10000e-005 -4.34669e+000
1.20000e-005 -4.30085e+000
1.30000e-005 -4.25488e+000
1.40000e-005 -4.20889e+000
1.50000e-005 -4.16296e+000
1.60000e-005 -4.11719e+000
1.70000e-005 -4.07167e+000
1.80000e-005 -4.02646e+000
1.90000e-005 -3.98164e+000
2.00000e-005 -3.93727e+000
2.10000e-005 -3.89339e+000
2.20000e-005 -3.85004e+000
2.30000e-005 -3.80727e+000
2.40000e-005 -3.76509e+000
2.50000e-005 -3.72354e+000
2.60000e-005 -3.68262e+000
2.70000e-005 -3.64236e+000
2.80000e-005 -3.60276e+000
2.90000e-005 -3.56383e+000
3.00000e-005 -3.52557e+000
3.10000e-005 -3.48797e+000
3.20000e-005 -3.45104e+000
3.30000e-005 -3.41477e+000
3.40000e-005 -3.37915e+000
3.50000e-005 -3.34418e+000
3.60000e-005 -3.30985e+000
3.70000e-005 -3.27614e+000
3.80000e-005 -3.24305e+000
3.90000e-005 -3.21056e+000
4.00000e-005 -3.17867e+000
4.10000e-005 -3.14736e+000
4.20000e-005 -3.11662e+000
4.30000e-005 -3.08643e+000
4.40000e-005 -3.05679e+000
4.50000e-005 -3.02769e+000
4.60000e-005 -2.99910e+000
4.70000e-005 -2.97102e+000
4.80000e-005 -2.94343e+000
4.90000e-005 -2.91633e+000
5.00000e-005 -2.88970e+000
5.10000e-005 -2.86353e+000
5.20000e-005 -2.83781e+000
5.30000e-005 -2.81252e+000
5.40000e-005 -2.78767e+000
5.50000e-005 -2.76323e+000
5.60000e-005 -2.73920e+000
5.70000e-005 -2.71556e+000
5.80000e-005 -2.69231e+000
5.90000e-005 -2.66944e+000
6.00000e-005 -2.64693e+000
6.10000e-005 -2.62479e+000
6.20000e-005 -2.60299e+000
6.30000e-005 -2.58154e+000
6.40000e-005 -2.56042e+000
6.50000e-005 -2.53962e+000
6.60000e-005 -2.51914e+000
6.70000e-005 -2.49898e+000
6.80000e-005 -2.47911e+000
6.90000e-005 -2.45954e+000
7.00000e-005 -2.44026e+000
7.10000e-005 -2.42127e+000
7.20000e-005 -2.40255e+000
7.30000e-005 -2.38409e+000
7.40000e-005 -2.36590e+000
7.50000e-005 -2.34797e+000
7.60000e-005 -2.33029e+000
7.70000e-005 -2.31286e+000
7.80000e-005 -2.29566e+000
7.90000e-005 -2.27870e+000
8.00000e-005 -2.26198e+000
8.10000e-005 -2.24547e+000
8.20000e-005 -2.22919e+000
8.30000e-005 -2.21312e+000
8.40000e-005 -2.19727e+000
8.50000e-005 -2.18162e+000
8.60000e-005 -2.16617e+000
8.70000e-005 -2.15092e+000
8.80000e-005 -2.13587e+000
8.90000e-005 -2.12100e+000
9.00000e-005 -2.10632e+000
9.10000e-005 -2.09183e+000
9.20000e-005 -2.07751e+000
9.30000e-005 -2.06337e+000
9.40000e-005 -2.04940e+000
9.50000e-005 -2.03560e+000
9.60000e-005 -2.02197e+000
9.70000e-005 -2.00849e+000
9.80000e-005 -1.99518e+000
9.90000e-005 -1.98202e+000
1.00000e-004 -1.96902e+000
1.01000e-004 -1.95617e+000
1.02000e-004 -1.94346e+000
1.03000e-004 -1.93090e+000
1.04000e-004 -1.91848e+000
1.05000e-004 -1.90620e+000
1.06000e-004 -1.89406e+000
1.07000e-004 -1.88205e+000
1.08000e-004 -1.87018e+000
1.09000e-004 -1.85843e+000
1.10000e-004 -1.84682e+000
1.11000e-004 -1.83533e+000
1.12000e-004 -1.82396e+000
1.13000e-004 -1.81271e+000
1.14000e-004 -1.80158e+000
1.15000e-004 -1.79057e+000
1.16000e-004 -1.77968e+000
1.17000e-004 -1.76890e+000
1.18000e-004 -1.75823e+000
1.19000e-004 -1.74767e+000
1.20000e-004 -1.73722e+000
1.21000e-004 -1.72687e+000
1.22000e-004 -1.71663e+000
1.23000e-004 -1.70649e+000
1.24000e-004 -1.69646e+000
1.25000e-004 -1.68652e+000
1.26000e-004 -1.67668e+000
1.27000e-004 -1.66694e+000
1.28000e-004 -1.65729e+000
1.29000e-004 -1.64774e+000
1.30000e-004 -1.63827e+000
1.31000e-004 -1.62890e+000
1.32000e-004 -1.61962e+000
1.33000e-004 -1.61043e+000
1.34000e-004 -1.60132e+000
1.35000e-004 -1.59230e+000
1.36000e-004 -1.58336e+000
1.37000e-004 -1.57451e+000
1.38000e-004 -1.56574e+000
1.39000e-004 -1.55704e+000
1.40000e-004 -1.54843e+000
1.41000e-004 -1.53990e+000
1.42000e-004 -1.53144e+000
1.43000e-004 -1.52306e+000
1.44000e-004 -1.51476e+000
1.45000e-004 -1.50653e+000
1.46000e-004 -1.49837e+000
1.47000e-004 -1.49028e+000
1.48000e-004 -1.48227e+000
1.49000e-004 -1.47432e+000
1.50000e-004 -1.46645e+000
1.51000e-004 -1.45864e+000
1.52000e-004 -1.45090e+000
1.53000e-004 -1.44323e+000
1.54000e-004 -1.43562e+000
1.55000e-004 -1.42808e+000
1.56000e-004 -1.42060e+000
1.57000e-004 -1.41319e+000
1.58000e-004 -1.40583e+000
1.59000e-004 -1.39854e+000
1.60000e-004 -1.39131e+000
1.61000e-004 -1.38414e+000
1.62000e-004 -1.37702e+000
1.63000e-004 -1.36997e+000
1.64000e-004 -1.36297e+000
1.65000e-004 -1.35604e+000
1.66000e-004 -1.34915e+000
1.67000e-004 -1.34233e+000
1.68000e-004 -1.33555e+000
1.69000e-004 -1.32884e+000
1.70000e-004 -1.32217e+000
1.71000e-004 -1.31556e+000
1.72000e-004 -1.30900e+000
1.73000e-004 -1.30249e+000
1.74000e-004 -1.29604e+000
1.75000e-004 -1.28963e+000
1.76000e-004 -1.28327e+000
1.77000e-004 -1.27697e+000
1.78000e-004 -1.27071e+000
1.79000e-004 -1.26450e+000
1.80000e-004 -1.25834e+000
1.81000e-004 -1.25222e+000
1.82000e-004 -1.24615e+000
1.83000e-004 -1.24013e+000
1.84000e-004 -1.23416e+000
1.85000e-004 -1.22822e+000
1.86000e-004 -1.22234e+000
1.87000e-004 -1.21649e+000
1.88000e-004 -1.21069e+000
1.89000e-004 -1.20494e+000
1.90000e-004 -1.19922e+000
1.91000e-004 -1.19355e+000
1.92000e-004 -1.18792e+000
1.93000e-004 -1.18233e+000
1.94000e-004 -1.17678e+000
1.95000e-004 -1.17127e+000
1.96000e-004 -1.16581e+000
1.97000e-004 -1.16038e+000
1.98000e-004 -1.15499e+000
1.99000e-004 -1.14964e+000
2.00000e-004 -1.14432e+000
2.01000e-004 -1.13905e+000
2.02000e-004 -1.13381e+000
2.03000e-004 -1.12861e+000
2.04000e-004 -1.12345e+000
2.05000e-004 -1.11832e+000
2.06000e-004 -1.11323e+000
2.07000e-004 -1.10817e+000
2.08000e-004 -1.10315e+000
2.09000e-004 -1.09817e+000
2.10000e-004 -1.09322e+000
2.11000e-004 -1.08830e+000
2.12000e-004 -1.08342e+000
2.13000e-004 -1.07857e+000
2.14000e-004 -1.07375e+000
2.15000e-004 -1.06897e+000
2.16000e-004 -1.06422e+000
2.17000e-004 -1.05950e+000
2.18000e-004 -1.05481e+000
2.19000e-004 -1.05016e+000
2.20000e-004 -1.04553e+000
2.21000e-004 -1.04094e+000
2.22000e-004 -1.03638e+000
2.23000e-004 -1.03184e+000
2.24000e-004 -1.02734e+000
2.25000e-004 -1.02287e+000
2.26000e-004 -1.01843e+000
2.27000e-004 -1.01402e+000
2.28000e-004 -1.00963e+000
2.29000e-004 -1.00528e+000
2.30000e-004 -1.00095e+000
2.31000e-004 -9.96651e-001
2.32000e-004 -9.92380e-001
2.33000e-004 -9.88137e-001
2.34000e-004 -9.83922e-001
2.35000e-004 -9.79733e-001
2.36000e-004 -9.75572e-001
2.37000e-004 -9.71437e-001
2.38000e-004 -9.67329e-001
2.39000e-004 -9.63247e-001
2.40000e-004 -9.59191e-001
2.41000e-004 -9.55160e-001
2.42000e-004 -9.51156e-001
2.43000e-004 -9.47176e-001
2.44000e-004 -9.43222e-001
2.45000e-004 -9.39292e-001
2.46000e-004 -9.35388e-001
2.47000e-004 -9.31507e-001
2.48000e-004 -9.27651e-001
2.49000e-004 -9.23819e-001
2.50000e-004 -9.20011e-001
2.51000e-004 -9.16226e-001
2.52000e-004 -9.12465e-001
2.53000e-004 -9.08727e-001
2.54000e-004 -9.05011e-001
2.55000e-004 -9.01319e-001
2.56000e-004 -8.97649e-001
2.57000e-004 -8.94002e-001
2.58000e-004 -8.90377e-001
2.59000e-004 -8.86774e-001
2.60000e-004 -8.83193e-001
2.61000e-004 -8.79634e-001
2.62000e-004 -8.76096e-001
2.63000e-004 -8.72579e-001
2.64000e-004 -8.69084e-001
2.65000e-004 -8.65610e-001
2.66000e-004 -8.62156e-001
2.67000e-004 -8.58723e-001
2.68000e-004 -8.55311e-001
2.69000e-004 -8.51919e-001
2.70000e-004 -8.48547e-001
2.71000e-004 -8.45195e-001
2.72000e-004 -8.41863e-001
2.73000e-004 -8.38550e-001
2.74000e-004 -8.35257e-001
2.75000e-004 -8.31984e-001
2.76000e-004 -8.28729e-001
2.77000e-004 -8.25494e-001
2.78000e-004 -8.22277e-001
2.79000e-004 -8.19080e-001
2.80000e-004 -8.15901e-001
2.81000e-004 -8.12740e-001
2.82000e-004 -8.09598e-001
2.83000e-004 -8.06474e-001
2.84000e-004 -8.03368e-001
2.85000e-004 -8.00279e-001
2.86000e-004 -7.97209e-001
2.87000e-004 -7.94156e-001
2.88000e-004 -7.91121e-001
2.89000e-004 -7.88103e-001
2.90000e-004 -7.85102e-001
2.91000e-004 -7.82119e-001
2.92000e-004 -7.79152e-001
2.93000e-004 -7.76202e-001
2.94000e-004 -7.73269e-001
2.95000e-004 -7.70352e-001
2.96000e-004 -7.67452e-001
2.97000e-004 -7.64569e-001
2.98000e-004 -7.61701e-001
2.99000e-004 -7.58850e-001
3.00000e-004 -7.56014e-001
3.01000e-004 -7.53195e-001
3.02000e-004 -7.50391e-001
3.03000e-004 -7.47603e-001
3.04000e-004 -7.44830e-001
3.05000e-004 -7.42073e-001
3.06000e-004 -7.39331e-001
3.07000e-004 -7.36604e-001
3.08000e-004 -7.33892e-001
3.09000e-004 -7.31195e-001
3.10000e-004 -7.28513e-001
3.11000e-004 -7.25846e-001
3.12000e-004 -7.23194e-001
3.13000e-004 -7.20555e-001
3.14000e-004 -7.17932e-001
3.15000e-004 -7.15323e-001
3.16000e-004 -7.12728e-001
3.17000e-004 -7.10147e-001
3.18000e-004 -7.07580e-001
3.19000e-004 -7.05027e-001
3.20000e-004 -7.02488e-001
3.21000e-004 -6.99962e-001
3.22000e-004 -6.97451e-001
3.23000e-004 -6.94952e-001
3.24000e-004 -6.92468e-001
3.25000e-004 -6.89996e-001
3.26000e-004 -6.87538e-001
3.27000e-004 -6.85093e-001
3.28000e-004 -6.82661e-001
3.29000e-004 -6.80242e-001
3.30000e-004 -6.77836e-001
3.31000e-004 -6.75443e-001
3.32000e-004 -6.73063e-001
3.33000e-004 -6.70695e-001
3.34000e-004 -6.68340e-001
3.35000e-004 -6.65997e-001
3.36000e-004 -6.63667e-001
3.37000e-004 -6.61349e-001
3.38000e-004 -6.59043e-001
3.39000e-004 -6.56749e-001
3.40000e-004 -6.54467e-001
3.41000e-004 -6.52198e-001
3.42000e-004 -6.49940e-001
3.43000e-004 -6.47694e-001
3.44000e-004 -6.45460e-001
3.45000e-004 -6.43237e-001
3.46000e-004 -6.41026e-001
3.47000e-004 -6.38826e-001
3.48000e-004 -6.36638e-001
3.49000e-004 -6.34462e-001
3.50000e-004 -6.32296e-001
3.51000e-004 -6.30142e-001
3.52000e-004 -6.27999e-001
3.53000e-004 -6.25867e-001
3.54000e-004 -6.23746e-001
3.55000e-004 -6.21636e-001
3.56000e-004 -6.19536e-001
3.57000e-004 -6.17448e-001
3.58000e-004 -6.15370e-001
3.59000e-004 -6.13303e-001
3.60000e-004 -6.11246e-001
3.61000e-004 -6.09200e-001
3.62000e-004 -6.07165e-001
3.63000e-004 -6.05140e-001
3.64000e-004 -6.03125e-001
3.65000e-004 -6.01120e-001
3.66000e-004 -5.99125e-001
3.67000e-004 -5.97141e-001
3.68000e-004 -5.95167e-001
3.69000e-004 -5.93202e-001
3.70000e-004 -5.91248e-001
3.71000e-004 -5.89303e-001
3.72000e-004 -5.87368e-001
3.73000e-004 -5.85443e-001
3.74000e-004 -5.83528e-001
3.75000e-004 -5.81622e-001
3.76000e-004 -5.79726e-001
3.77000e-004 -5.77839e-001
3.78000e-004 -5.75962e-001
3.79000e-004 -5.74094e-001
3.80000e-004 -5.72235e-001
3.81000e-004 -5.70386e-001
3.82000e-004 -5.68546e-001
3.83000e-004 -5.66715e-001
3.84000e-004 -5.64893e-001
3.85000e-004 -5.63080e-001
3.86000e-004 -5.61276e-001
3.87000e-004 -5.59482e-001
3.88000e-004 -5.57695e-001
3.89000e-004 -5.55918e-001
3.90000e-004 -5.54150e-001
3.91000e-004 -5.52390e-001
3.92000e-004 -5.50639e-001
3.93000e-004 -5.48897e-001
3.94000e-004 -5.47163e-001
3.95000e-004 -5.45437e-001
3.96000e-004 -5.43720e-001
3.97000e-004 -5.42012e-001
3.98000e-004 -5.40312e-001
3.99000e-004 -5.38620e-001
4.00000e-004 -5.36936e-001
4.01000e-004 -5.35261e-001
4.02000e-004 -5.33594e-001
4.03000e-004 -5.31934e-001
4.04000e-004 -5.30283e-001
4.05000e-004 -5.28640e-001
4.06000e-004 -5.27005e-001
4.07000e-004 -5.25378e-001
4.08000e-004 -5.23759e-001
4.09000e-004 -5.22147e-001
4.10000e-004 -5.20544e-001
4.11000e-004 -5.18948e-001
4.12000e-004 -5.17359e-001
4.13000e-004 -5.15779e-001
4.14000e-004 -5.14206e-001
4.15000e-004 -5.12641e-001
4.16000e-004 -5.11083e-001
4.17000e-004 -5.09532e-001
4.18000e-004 -5.07989e-001
4.19000e-004 -5.06454e-001
4.20000e-004 -5.04925e-001
4.21000e-004 -5.03404e-001
4.22000e-004 -5.01891e-001
4.23000e-004 -5.00384e-001
4.24000e-004 -1.00000e+000
4.25000e-004 -1.00000e+000
4.26000e-004 -1.00000e+000
4.27000e-004 -1.00000e+000
4.28000e-004 -1.00000e+000
4.29000e-004 -1.00000e+000
4.30000e-004 -1.00000e+000
4.31000e-004 -1.00000e+000
4.32000e-004 -1.00000e+000
4.33000e-004 -1.00000e+000
4.34000e-004 -1.00000e+000
4.35000e-004 -1.00000e+000
4.36000e-004 -1.00000e+000
4.37000e-004 -1.00000e+000
4.38000e-004 -1.00000e+000
4.39000e-004 -1.00000e+000
4.40000e-004 -1.00000e+000
4.41000e-004 -1.00000e+000
4.42000e-004 -1.00000e+000
4.43000e-004 -1.00000e+000
4.44000e-004 -1.00000e+000
4.45000e-004 -1.00000e+000
4.46000e-004 -1.00000e+000
4.47000e-004 -1.00000e+000
4.48000e-004 -1.00000e+000
4.49000e-004 -1.00000e+000
4.50000e-004 -1.00000e+000
4.51000e-004 -1.00000e+000
4.52000e-004 -1.00000e+000
4.53000e-004 -1.00000e+000
4.54000e-004 -1.00000e+000
4.55000e-004 -1.00000e+000
4.56000e-004 -1.00000e+000
4.57000e-004 -1.00000e+000
4.58000e-004 -1.00000e+000
4.59000e-004 -1.00000e+000
4.60000e-004 -1.00000e+000
4.61000e-004 -1.00000e+000
4.62000e-004 -1.00000e+000
4.63000e-004 -1.00000e+000
4.64000e-004 -1.00000e+000
4.65000e-004 -1.00000e+000
4.66000e-004 -1.00000e+000
4.67000e-004 -1.00000e+000
4.68000e-004 -1.00000e+000
4.69000e-004 -1.00000e+000
4.70000e-004 -1.00000e+000
4.71000e-004 -1.00000e+000
4.72000e-004 -1.00000e+000
4.73000e-004 -1.00000e+000
4.74000e-004 -1.00000e+000
4.75000e-004 -1.00000e+000
4.76000e-004 -1.00000e+000
4.77000e-004 -1.00000e+000
4.78000e-004 -1.00000e+000
4.79000e-004 -1.00000e+000
4.80000e-004 -1.00000e+000
4.81000e-004 -1.00000e+000
4.82000e-004 -1.00000e+000
4.83000e-004 -1.00000e+000
4.84000e-004 -1.00000e+000
4.85000e-004 -1.00000e+000
4.86000e-004 -1.00000e+000
4.87000e-004 -1.00000e+000
4.88000e-004 -1.00000e+000
4.89000e-004 -1.00000e+000
4.90000e-004 -1.00000e+000
4.91000e-004 -1.00000e+000
4.92000e-004 -1.00000e+000
4.93000e-004 -1.00000e+000
4.94000e-004 -1.00000e+000
4.95000e-004 -1.00000e+000
4.96000e-004 -1.00000e+000
4.97000e-004 -1.00000e+000
4.98000e-004 -1.00000e+000
4.99000e-004 -1.00000e+000
5.00000e-004 -1.00000e+000
5.01000e-004 -1.00000e+000
5.02000e-004 -1.00000e+000
5.03000e-004 -1.00000e+000
5.04000e-004 -1.00000e+000
5.05000e-004 -1.00000e+000
5.06000e-004 -1.00000e+000
5.07000e-004 -1.00000e+000
5.08000e-004 -1.00000e+000
5.09000e-004 -1.00000e+000
5.10000e-004 -1.00000e+000
5.11000e-004 -1.00000e+000
5.12000e-004 -1.00000e+000
5.13000e-004 -1.00000e+000
5.14000e-004 -1.00000e+000
5.15000e-004 -1.00000e+000
5.16000e-004 -1.00000e+000
5.17000e-004 -1.00000e+000
5.18000e-004 -1.00000e+000
5.19000e-004 -1.00000e+000
5.20000e-004 -1.00000e+000
5.21000e-004 -1.00000e+000
5.22000e-004 -1.00000e+000
5.23000e-004 -1.00000e+000
5.24000e-004 5.00000e-002
