0.00000e+000 -5.00000e-002
1.00000e-006 -4.78610e+000
2.00000e-006 -4.78812e+000
3.00000e-006 -4.75504e+000
4.00000e-006 -4.71980e+000
5.00000e-006 -4.68353e+000
6.00000e-006 -4.64622e+000
7.00000e-006 -4.60787e+000
8.00000e-006 -4.56851e+000
9.00000e-006 -4.52821e+000
1.00000e-005 -4.48706e+000
1.10000e-005 -4.44516e+000
1.20000e-005 -4.40262e+000
1.30000e-005 -4.35955e+000
1.40000e-005 -4.31607e+000
1.50000e-005 -4.27229e+000
1.60000e-005 -4.22831e+000
1.70000e-005 -4.18424e+000
1.80000e-005 -4.14017e+000
1.90000e-005 -4.09620e+000
2.00000e-005 -4.05241e+000
2.10000e-005 -4.00887e+000
2.20000e-005 -3.96564e+000
2.30000e-005 -3.92279e+000
2.40000e-005 -3.88035e+000
2.50000e-005 -3.83839e+000
2.60000e-005 -3.79692e+000
2.70000e-005 -3.75599e+000
2.80000e-005 -3.71562e+000
2.90000e-005 -3.67582e+000
3.00000e-005 -3.63661e+000
3.10000e-005 -3.59801e+000
3.20000e-005 -3.56002e+000
3.30000e-005 -3.52265e+000
3.40000e-005 -3.48589e+000
3.50000e-005 -3.44975e+000
3.60000e-005 -3.41422e+000
3.70000e-005 -3.37931e+000
3.80000e-005 -3.34500e+000
3.90000e-005 -3.31129e+000
4.00000e-005 -3.27817e+000
4.10000e-005 -3.24563e+000
4.20000e-005 -3.21367e+000
4.30000e-005 -3.18227e+000
4.40000e-005 -3.15142e+000
4.50000e-005 -3.12112e+000
4.60000e-005 -3.09134e+000
4.70000e-005 -3.06209e+000
4.80000e-005 -3.03335e+000
4.90000e-005 -3.00510e+000
5.00000e-005 -2.97734e+000
5.10000e-005 -2.95006e+000
5.20000e-005 -2.92325e+000
5.30000e-005 -2.89689e+000
5.40000e-005 -2.87098e+000
5.50000e-005 -2.84550e+000
5.60000e-005 -2.82044e+000
5.70000e-005 -2.79580e+000
5.80000e-005 -2.77156e+000
5.90000e-005 -2.74772e+000
6.00000e-005 -2.72426e+000
6.10000e-005 -2.70118e+000
6.20000e-005 -2.67847e+000
6.30000e-005 -2.65611e+000
6.40000e-005 -2.63411e+000
6.50000e-005 -2.61244e+000
6.60000e-005 -2.59112e+000
6.70000e-005 -2.57011e+000
6.80000e-005 -2.54943e+000
6.90000e-005 -2.52905e+000
7.00000e-005 -2.50898e+000
7.10000e-005 -2.48921e+000
7.20000e-005 -2.46973e+000
7.30000e-005 -2.45053e+000
7.40000e-005 -2.43161e+000
7.50000e-005 -2.41296e+000
7.60000e-005 -2.39457e+000
7.70000e-005 -2.37644e+000
7.80000e-005 -2.35857e+000
7.90000e-005 -2.34094e+000
8.00000e-005 -2.32356e+000
8.10000e-005 -2.30641e+000
8.20000e-005 -2.28950e+000
8.30000e-005 -2.27281e+000
8.40000e-005 -2.25634e+000
8.50000e-005 -2.24009e+000
8.60000e-005 -2.22406e+000
8.70000e-005 -2.20823e+000
8.80000e-005 -2.19261e+000
8.90000e-005 -2.17719e+000
9.00000e-005 -2.16196e+000
9.10000e-005 -2.14692e+000
9.20000e-005 -2.13208e+000
9.30000e-005 -2.11742e+000
9.40000e-005 -2.10293e+000
9.50000e-005 -2.08863e+000
9.60000e-005 -2.07450e+000
9.70000e-005 -2.06054e+000
9.80000e-005 -2.04674e+000
9.90000e-005 -2.03312e+000
1.00000e-004 -2.01965e+000
1.01000e-004 -2.00634e+000
1.02000e-004 -1.99318e+000
1.03000e-004 -1.98018e+000
1.04000e-004 -1.96732e+000
1.05000e-004 -1.95462e+000
1.06000e-004 -1.94205e+000
1.07000e-004 -1.92963e+000
1.08000e-004 -1.91734e+000
1.09000e-004 -1.90520e+000
1.10000e-004 -1.89318e+000
1.11000e-004 -1.88130e+000
1.12000e-004 -1.86955e+000
1.13000e-004 -1.85792e+000
1.14000e-004 -1.84642e+000
1.15000e-004 -1.83504e+000
1.16000e-004 -1.82378e+000
1.17000e-004 -1.81265e+000
1.18000e-004 -1.80162e+000
1.19000e-004 -1.79072e+000
1.20000e-004 -1.77992e+000
1.21000e-004 -1.76924e+000
1.22000e-004 -1.75866e+000
1.23000e-004 -1.74819e+000
1.24000e-004 -1.73783e+000
1.25000e-004 -1.72758e+000
1.26000e-004 -1.71742e+000
1.27000e-004 -1.70737e+000
1.28000e-004 -1.69741e+000
1.29000e-004 -1.68755e+000
1.30000e-004 -1.67779e+000
1.31000e-004 -1.66813e+000
1.32000e-004 -1.65855e+000
1.33000e-004 -1.64907e+000
1.34000e-004 -1.63968e+000
1.35000e-004 -1.63038e+000
1.36000e-004 -1.62117e+000
1.37000e-004 -1.61204e+000
1.38000e-004 -1.60300e+000
1.39000e-004 -1.59404e+000
1.40000e-004 -1.58516e+000
1.41000e-004 -1.57637e+000
1.42000e-004 -1.56766e+000
1.43000e-004 -1.55902e+000
1.44000e-004 -1.55047e+000
1.45000e-004 -1.54199e+000
1.46000e-004 -1.53359e+000
1.47000e-004 -1.52526e+000
1.48000e-004 -1.51701e+000
1.49000e-004 -1.50882e+000
1.50000e-004 -1.50072e+000
1.51000e-004 -1.49268e+000
1.52000e-004 -1.48471e+000
1.53000e-004 -1.47681e+000
1.54000e-004 -1.46898e+000
1.55000e-004 -1.46122e+000
1.56000e-004 -1.45352e+000
1.57000e-004 -1.44589e+000
1.58000e-004 -1.43832e+000
1.59000e-004 -1.43082e+000
1.60000e-004 -1.42338e+000
1.61000e-004 -1.41600e+000
1.62000e-004 -1.40869e+000
1.63000e-004 -1.40143e+000
1.64000e-004 -1.39424e+000
1.65000e-004 -1.38710e+000
1.66000e-004 -1.38002e+000
1.67000e-004 -1.37300e+000
1.68000e-004 -1.36604e+000
1.69000e-004 -1.35913e+000
1.70000e-004 -1.35228e+000
1.71000e-004 -1.34548e+000
1.72000e-004 -1.33874e+000
1.73000e-004 -1.33205e+000
1.74000e-004 -1.32542e+000
1.75000e-004 -1.31883e+000
1.76000e-004 -1.31230e+000
1.77000e-004 -1.30582e+000
1.78000e-004 -1.29939e+000
1.79000e-004 -1.29301e+000
1.80000e-004 -1.28668e+000
1.81000e-004 -1.28039e+000
1.82000e-004 -1.27416e+000
1.83000e-004 -1.26797e+000
1.84000e-004 -1.26183e+000
1.85000e-004 -1.25574e+000
1.86000e-004 -1.24969e+000
1.87000e-004 -1.24369e+000
1.88000e-004 -1.23774e+000
1.89000e-004 -1.23182e+000
1.90000e-004 -1.22596e+000
1.91000e-004 -1.22013e+000
1.92000e-004 -1.21435e+000
1.93000e-004 -1.20861e+000
1.94000e-004 -1.20291e+000
1.95000e-004 -1.19726e+000
1.96000e-004 -1.19165e+000
1.97000e-004 -1.18607e+000
1.98000e-004 -1.18054e+000
1.99000e-004 -1.17505e+000
2.00000e-004 -1.16960e+000
2.01000e-004 -1.16418e+000
2.02000e-004 -1.15881e+000
2.03000e-004 -1.15347e+000
2.04000e-004 -1.14817e+000
2.05000e-004 -1.14291e+000
2.06000e-004 -1.13768e+000
2.07000e-004 -1.13250e+000
2.08000e-004 -1.12735e+000
2.09000e-004 -1.12223e+000
2.10000e-004 -1.11715e+000
2.11000e-004 -1.11211e+000
2.12000e-004 -1.10710e+000
2.13000e-004 -1.10212e+000
2.14000e-004 -1.09718e+000
2.15000e-004 -1.09227e+000
2.16000e-004 -1.08740e+000
2.17000e-004 -1.08256e+000
2.18000e-004 -1.07775e+000
2.19000e-004 -1.07298e+000
2.20000e-004 -1.06824e+000
2.21000e-004 -1.06353e+000
2.22000e-004 -1.05885e+000
2.23000e-004 -1.05420e+000
2.24000e-004 -1.04958e+000
2.25000e-004 -1.04500e+000
2.26000e-004 -1.04044e+000
2.27000e-004 -1.03592e+000
2.28000e-004 -1.03142e+000
2.29000e-004 -1.02696e+000
2.30000e-004 -1.02252e+000
2.31000e-004 -1.01812e+000
2.32000e-004 -1.01374e+000
2.33000e-004 -1.00939e+000
2.34000e-004 -1.00507e+000
2.35000e-004 -1.00077e+000
2.36000e-004 -9.96506e-001
2.37000e-004 -9.92268e-001
2.38000e-004 -9.88057e-001
2.39000e-004 -9.83873e-001
2.40000e-004 -9.79716e-001
2.41000e-004 -9.75585e-001
2.42000e-004 -9.71481e-001
2.43000e-004 -9.67402e-001
2.44000e-004 -9.63350e-001
2.45000e-004 -9.59323e-001
2.46000e-004 -9.55321e-001
2.47000e-004 -9.51345e-001
2.48000e-004 -9.47393e-001
2.49000e-004 -9.43466e-001
2.50000e-004 -9.39564e-001
2.51000e-004 -9.35686e-001
2.52000e-004 -9.31832e-001
2.53000e-004 -9.28001e-001
2.54000e-004 -9.24195e-001
2.55000e-004 -9.20412e-001
2.56000e-004 -9.16652e-001
2.57000e-004 -9.12915e-001
2.58000e-004 -9.09201e-001
2.59000e-004 -9.05510e-001
2.60000e-004 -9.01842e-001
2.61000e-004 -8.98195e-001
2.62000e-004 -8.94571e-001
2.63000e-004 -8.90969e-001
2.64000e-004 -8.87388e-001
2.65000e-004 -8.83829e-001
2.66000e-004 -8.80291e-001
2.67000e-004 -8.76775e-001
2.68000e-004 -8.73279e-001
2.69000e-004 -8.69805e-001
2.70000e-004 -8.66351e-001
2.71000e-004 -8.62918e-001
2.72000e-004 -8.59505e-001
2.73000e-004 -8.56112e-001
2.74000e-004 -8.52739e-001
2.75000e-004 -8.49387e-001
2.76000e-004 -8.46054e-001
2.77000e-004 -8.42740e-001
2.78000e-004 -8.39446e-001
2.79000e-004 -8.36171e-001
2.80000e-004 -8.32915e-001
2.81000e-004 -8.29679e-001
2.82000e-004 -8.26461e-001
2.83000e-004 -8.23261e-001
2.84000e-004 -8.20081e-001
2.85000e-004 -8.16918e-001
2.86000e-004 -8.13774e-001
2.87000e-004 -8.10648e-001
2.88000e-004 -8.07540e-001
2.89000e-004 -8.04449e-001
2.90000e-004 -8.01377e-001
2.91000e-004 -7.98322e-001
2.92000e-004 -7.95284e-001
2.93000e-004 -7.92264e-001
2.94000e-004 -7.89260e-001
2.95000e-004 -7.86274e-001
2.96000e-004 -7.83305e-001
2.97000e-004 -7.80352e-001
2.98000e-004 -7.77416e-001
2.99000e-004 -7.74497e-001
3.00000e-004 -7.71594e-001
3.01000e-004 -7.68707e-001
3.02000e-004 -7.65836e-001
3.03000e-004 -7.62982e-001
3.04000e-004 -7.60143e-001
3.05000e-004 -7.57320e-001
3.06000e-004 -7.54513e-001
3.07000e-004 -7.51721e-001
3.08000e-004 -7.48945e-001
3.09000e-004 -7.46184e-001
3.10000e-004 -7.43438e-001
3.11000e-004 -7.40708e-001
3.12000e-004 -7.37992e-001
3.13000e-004 -7.35292e-001
3.14000e-004 -7.32606e-001
3.15000e-004 -7.29935e-001
3.16000e-004 -7.27278e-001
3.17000e-004 -7.24636e-001
3.18000e-004 -7.22009e-001
3.19000e-004 -7.19395e-001
3.20000e-004 -7.16796e-001
3.21000e-004 -7.14211e-001
3.22000e-004 -7.11640e-001
3.23000e-004 -7.09082e-001
3.24000e-004 -7.06539e-001
3.25000e-004 -7.04009e-001
3.26000e-004 -7.01493e-001
3.27000e-004 -6.98990e-001
3.28000e-004 -6.96501e-001
3.29000e-004 -6.94025e-001
3.30000e-004 -6.91562e-001
3.31000e-004 -6.89113e-001
3.32000e-004 -6.86676e-001
3.33000e-004 -6.84252e-001
3.34000e-004 -6.81841e-001
3.35000e-004 -6.79443e-001
3.36000e-004 -6.77058e-001
3.37000e-004 -6.74685e-001
3.38000e-004 -6.72325e-001
3.39000e-004 -6.69977e-001
3.40000e-004 -6.67642e-001
3.41000e-004 -6.65319e-001
3.42000e-004 -6.63008e-001
3.43000e-004 -6.60709e-001
3.44000e-004 -6.58422e-001
3.45000e-004 -6.56147e-001
3.46000e-004 -6.53884e-001
3.47000e-004 -6.51633e-001
3.48000e-004 -6.49393e-001
3.49000e-004 -6.47165e-001
3.50000e-004 -6.44949e-001
3.51000e-004 -6.42744e-001
3.52000e-004 -6.40551e-001
3.53000e-004 -6.38368e-001
3.54000e-004 -6.36198e-001
3.55000e-004 -6.34038e-001
3.56000e-004 -6.31889e-001
3.57000e-004 -6.29752e-001
3.58000e-004 -6.27625e-001
3.59000e-004 -6.25509e-001
3.60000e-004 -6.23404e-001
3.61000e-004 -6.21310e-001
3.62000e-004 -6.19227e-001
3.63000e-004 -6.17154e-001
3.64000e-004 -6.15092e-001
3.65000e-004 -6.13040e-001
3.66000e-004 -6.10998e-001
3.67000e-004 -6.08967e-001
3.68000e-004 -6.06947e-001
3.69000e-004 -6.04936e-001
3.70000e-004 -6.02936e-001
3.71000e-004 -6.00945e-001
3.72000e-004 -5.98965e-001
3.73000e-004 -5.96995e-001
3.74000e-004 -5.95034e-001
3.75000e-004 -5.93084e-001
3.76000e-004 -5.91143e-001
3.77000e-004 -5.89212e-001
3.78000e-004 -5.87290e-001
3.79000e-004 -5.85379e-001
3.80000e-004 -5.83476e-001
3.81000e-004 -5.81584e-001
3.82000e-004 -5.79700e-001
3.83000e-004 -5.77826e-001
3.84000e-004 -5.75961e-001
3.85000e-004 -5.74106e-001
3.86000e-004 -5.72260e-001
3.87000e-004 -5.70423e-001
3.88000e-004 -5.68595e-001
3.89000e-004 -5.66776e-001
3.90000e-004 -5.64965e-001
3.91000e-004 -5.63164e-001
3.92000e-004 -5.61372e-001
3.93000e-004 -5.59589e-001
3.94000e-004 -5.57814e-001
3.95000e-004 -5.56048e-001
3.96000e-004 -5.54291e-001
3.97000e-004 -5.52542e-001
3.98000e-004 -5.50802e-001
3.99000e-004 -5.49070e-001
4.00000e-004 -5.47347e-001
4.01000e-004 -5.45632e-001
4.02000e-004 -5.43925e-001
4.03000e-004 -5.42227e-001
4.04000e-004 -5.40537e-001
4.05000e-004 -5.38855e-001
4.06000e-004 -5.37182e-001
4.07000e-004 -5.35516e-001
4.08000e-004 -5.33859e-001
4.09000e-004 -5.32209e-001
4.10000e-004 -5.30568e-001
4.11000e-004 -5.28934e-001
4.12000e-004 -5.27308e-001
4.13000e-004 -5.25691e-001
4.14000e-004 -5.24080e-001
4.15000e-004 -5.22478e-001
4.16000e-004 -5.20883e-001
4.17000e-004 -5.19296e-001
4.18000e-004 -5.17717e-001
4.19000e-004 -5.16145e-001
4.20000e-004 -5.14581e-001
4.21000e-004 -5.13024e-001
4.22000e-004 -5.11474e-001
4.23000e-004 -5.09932e-001
4.24000e-004 -5.08397e-001
4.25000e-004 -5.06870e-001
4.26000e-004 -5.05350e-001
4.27000e-004 -5.03837e-001
4.28000e-004 -5.02331e-001
4.29000e-004 -5.00832e-001
4.30000e-004 -1.00000e+000
4.31000e-004 -1.00000e+000
4.32000e-004 -1.00000e+000
4.33000e-004 -1.00000e+000
4.34000e-004 -1.00000e+000
4.35000e-004 -1.00000e+000
4.36000e-004 -1.00000e+000
4.37000e-004 -1.00000e+000
4.38000e-004 -1.00000e+000
4.39000e-004 -1.00000e+000
4.40000e-004 -1.00000e+000
4.41000e-004 -1.00000e+000
4.42000e-004 -1.00000e+000
4.43000e-004 -1.00000e+000
4.44000e-004 -1.00000e+000
4.45000e-004 -1.00000e+000
4.46000e-004 -1.00000e+000
4.47000e-004 -1.00000e+000
4.48000e-004 -1.00000e+000
4.49000e-004 -1.00000e+000
4.50000e-004 -1.00000e+000
4.51000e-004 -1.00000e+000
4.52000e-004 -1.00000e+000
4.53000e-004 -1.00000e+000
4.54000e-004 -1.00000e+000
4.55000e-004 -1.00000e+000
4.56000e-004 -1.00000e+000
4.57000e-004 -1.00000e+000
4.58000e-004 -1.00000e+000
4.59000e-004 -1.00000e+000
4.60000e-004 -1.00000e+000
4.61000e-004 -1.00000e+000
4.62000e-004 -1.00000e+000
4.63000e-004 -1.00000e+000
4.64000e-004 -1.00000e+000
4.65000e-004 -1.00000e+000
4.66000e-004 -1.00000e+000
4.67000e-004 -1.00000e+000
4.68000e-004 -1.00000e+000
4.69000e-004 -1.00000e+000
4.70000e-004 -1.00000e+000
4.71000e-004 -1.00000e+000
4.72000e-004 -1.00000e+000
4.73000e-004 -1.00000e+000
4.74000e-004 -1.00000e+000
4.75000e-004 -1.00000e+000
4.76000e-004 -1.00000e+000
4.77000e-004 -1.00000e+000
4.78000e-004 -1.00000e+000
4.79000e-004 -1.00000e+000
4.80000e-004 -1.00000e+000
4.81000e-004 -1.00000e+000
4.82000e-004 -1.00000e+000
4.83000e-004 -1.00000e+000
4.84000e-004 -1.00000e+000
4.85000e-004 -1.00000e+000
4.86000e-004 -1.00000e+000
4.87000e-004 -1.00000e+000
4.88000e-004 -1.00000e+000
4.89000e-004 -1.00000e+000
4.90000e-004 -1.00000e+000
4.91000e-004 -1.00000e+000
4.92000e-004 -1.00000e+000
4.93000e-004 -1.00000e+000
4.94000e-004 -1.00000e+000
4.95000e-004 -1.00000e+000
4.96000e-004 -1.00000e+000
4.97000e-004 -1.00000e+000
4.98000e-004 -1.00000e+000
4.99000e-004 -1.00000e+000
5.00000e-004 -1.00000e+000
5.01000e-004 -1.00000e+000
5.02000e-004 -1.00000e+000
5.03000e-004 -1.00000e+000
5.04000e-004 -1.00000e+000
5.05000e-004 -1.00000e+000
5.06000e-004 -1.00000e+000
5.07000e-004 -1.00000e+000
5.08000e-004 -1.00000e+000
5.09000e-004 -1.00000e+000
5.10000e-004 -1.00000e+000
5.11000e-004 -1.00000e+000
5.12000e-004 -1.00000e+000
5.13000e-004 -1.00000e+000
5.14000e-004 -1.00000e+000
5.15000e-004 -1.00000e+000
5.16000e-004 -1.00000e+000
5.17000e-004 -1.00000e+000
5.18000e-004 -1.00000e+000
5.19000e-004 -1.00000e+000
5.20000e-004 -1.00000e+000
5.21000e-004 -1.00000e+000
5.22000e-004 -1.00000e+000
5.23000e-004 -1.00000e+000
5.24000e-004 -1.00000e+000
5.25000e-004 -1.00000e+000
5.26000e-004 -1.00000e+000
5.27000e-004 -1.00000e+000
5.28000e-004 -1.00000e+000
5.29000e-004 -1.00000e+000
5.30000e-004 -1.00000e+000
5.31000e-004 5.00000e-002
