0.00000e+00 -5.00000e-02
1.00000e-06 -4.90442e+00
2.00000e-06 -4.90537e+00
3.00000e-06 -4.88838e+00
4.00000e-06 -4.87018e+00
5.00000e-06 -4.85094e+00
6.00000e-06 -4.83055e+00
7.00000e-06 -4.80892e+00
8.00000e-06 -4.78599e+00
9.00000e-06 -4.76174e+00
1.00000e-05 -4.73614e+00
1.10000e-05 -4.70917e+00
1.20000e-05 -4.68086e+00
1.30000e-05 -4.65121e+00
1.40000e-05 -4.62028e+00
1.50000e-05 -4.58811e+00
1.60000e-05 -4.55476e+00
1.70000e-05 -4.52030e+00
1.80000e-05 -4.48482e+00
1.90000e-05 -4.44839e+00
2.00000e-05 -4.41113e+00
2.10000e-05 -4.37312e+00
2.20000e-05 -4.33447e+00
2.30000e-05 -4.29527e+00
2.40000e-05 -4.25563e+00
2.50000e-05 -4.21564e+00
2.60000e-05 -4.17540e+00
2.70000e-05 -4.13500e+00
2.80000e-05 -4.09452e+00
2.90000e-05 -4.05403e+00
3.00000e-05 -4.01362e+00
3.10000e-05 -3.97335e+00
3.20000e-05 -3.93328e+00
3.30000e-05 -3.89345e+00
3.40000e-05 -3.85393e+00
3.50000e-05 -3.81475e+00
3.60000e-05 -3.77595e+00
3.70000e-05 -3.73755e+00
3.80000e-05 -3.69959e+00
3.90000e-05 -3.66210e+00
4.00000e-05 -3.62507e+00
4.10000e-05 -3.58854e+00
4.20000e-05 -3.55252e+00
4.30000e-05 -3.51701e+00
4.40000e-05 -3.48201e+00
4.50000e-05 -3.44754e+00
4.60000e-05 -3.41359e+00
4.70000e-05 -3.38017e+00
4.80000e-05 -3.34727e+00
4.90000e-05 -3.31490e+00
5.00000e-05 -3.28304e+00
5.10000e-05 -3.25169e+00
5.20000e-05 -3.22085e+00
5.30000e-05 -3.19051e+00
5.40000e-05 -3.16066e+00
5.50000e-05 -3.13130e+00
5.60000e-05 -3.10242e+00
5.70000e-05 -3.07401e+00
5.80000e-05 -3.04607e+00
5.90000e-05 -3.01857e+00
6.00000e-05 -2.99153e+00
6.10000e-05 -2.96492e+00
6.20000e-05 -2.93873e+00
6.30000e-05 -2.91297e+00
6.40000e-05 -2.88762e+00
6.50000e-05 -2.86267e+00
6.60000e-05 -2.83812e+00
6.70000e-05 -2.81395e+00
6.80000e-05 -2.79016e+00
6.90000e-05 -2.76674e+00
7.00000e-05 -2.74368e+00
7.10000e-05 -2.72098e+00
7.20000e-05 -2.69862e+00
7.30000e-05 -2.67660e+00
7.40000e-05 -2.65491e+00
7.50000e-05 -2.63355e+00
7.60000e-05 -2.61250e+00
7.70000e-05 -2.59176e+00
7.80000e-05 -2.57132e+00
7.90000e-05 -2.55118e+00
8.00000e-05 -2.53133e+00
8.10000e-05 -2.51177e+00
8.20000e-05 -2.49248e+00
8.30000e-05 -2.47346e+00
8.40000e-05 -2.45471e+00
8.50000e-05 -2.43622e+00
8.60000e-05 -2.41799e+00
8.70000e-05 -2.40000e+00
8.80000e-05 -2.38226e+00
8.90000e-05 -2.36476e+00
9.00000e-05 -2.34749e+00
9.10000e-05 -2.33045e+00
9.20000e-05 -2.31363e+00
9.30000e-05 -2.29704e+00
9.40000e-05 -2.28066e+00
9.50000e-05 -2.26449e+00
9.60000e-05 -2.24853e+00
9.70000e-05 -2.23277e+00
9.80000e-05 -2.21720e+00
9.90000e-05 -2.20184e+00
1.00000e-04 -2.18666e+00
1.01000e-04 -2.17167e+00
1.02000e-04 -2.15687e+00
1.03000e-04 -2.14224e+00
1.04000e-04 -2.12779e+00
1.05000e-04 -2.11352e+00
1.06000e-04 -2.09941e+00
1.07000e-04 -2.08547e+00
1.08000e-04 -2.07170e+00
1.09000e-04 -2.05809e+00
1.10000e-04 -2.04463e+00
1.11000e-04 -2.03133e+00
1.12000e-04 -2.01818e+00
1.13000e-04 -2.00518e+00
1.14000e-04 -1.99232e+00
1.15000e-04 -1.97961e+00
1.16000e-04 -1.96704e+00
1.17000e-04 -1.95461e+00
1.18000e-04 -1.94232e+00
1.19000e-04 -1.93016e+00
1.20000e-04 -1.91813e+00
1.21000e-04 -1.90623e+00
1.22000e-04 -1.89446e+00
1.23000e-04 -1.88282e+00
1.24000e-04 -1.87129e+00
1.25000e-04 -1.85989e+00
1.26000e-04 -1.84861e+00
1.27000e-04 -1.83745e+00
1.28000e-04 -1.82640e+00
1.29000e-04 -1.81546e+00
1.30000e-04 -1.80464e+00
1.31000e-04 -1.79392e+00
1.32000e-04 -1.78331e+00
1.33000e-04 -1.77281e+00
1.34000e-04 -1.76242e+00
1.35000e-04 -1.75212e+00
1.36000e-04 -1.74193e+00
1.37000e-04 -1.73184e+00
1.38000e-04 -1.72185e+00
1.39000e-04 -1.71195e+00
1.40000e-04 -1.70215e+00
1.41000e-04 -1.69244e+00
1.42000e-04 -1.68283e+00
1.43000e-04 -1.67330e+00
1.44000e-04 -1.66387e+00
1.45000e-04 -1.65452e+00
1.46000e-04 -1.64527e+00
1.47000e-04 -1.63609e+00
1.48000e-04 -1.62701e+00
1.49000e-04 -1.61800e+00
1.50000e-04 -1.60908e+00
1.51000e-04 -1.60024e+00
1.52000e-04 -1.59148e+00
1.53000e-04 -1.58280e+00
1.54000e-04 -1.57419e+00
1.55000e-04 -1.56566e+00
1.56000e-04 -1.55721e+00
1.57000e-04 -1.54883e+00
1.58000e-04 -1.54053e+00
1.59000e-04 -1.53230e+00
1.60000e-04 -1.52414e+00
1.61000e-04 -1.51605e+00
1.62000e-04 -1.50803e+00
1.63000e-04 -1.50008e+00
1.64000e-04 -1.49220e+00
1.65000e-04 -1.48438e+00
1.66000e-04 -1.47664e+00
1.67000e-04 -1.46895e+00
1.68000e-04 -1.46133e+00
1.69000e-04 -1.45378e+00
1.70000e-04 -1.44628e+00
1.71000e-04 -1.43885e+00
1.72000e-04 -1.43148e+00
1.73000e-04 -1.42417e+00
1.74000e-04 -1.41692e+00
1.75000e-04 -1.40973e+00
1.76000e-04 -1.40260e+00
1.77000e-04 -1.39553e+00
1.78000e-04 -1.38851e+00
1.79000e-04 -1.38155e+00
1.80000e-04 -1.37464e+00
1.81000e-04 -1.36779e+00
1.82000e-04 -1.36099e+00
1.83000e-04 -1.35425e+00
1.84000e-04 -1.34756e+00
1.85000e-04 -1.34092e+00
1.86000e-04 -1.33433e+00
1.87000e-04 -1.32780e+00
1.88000e-04 -1.32131e+00
1.89000e-04 -1.31488e+00
1.90000e-04 -1.30849e+00
1.91000e-04 -1.30215e+00
1.92000e-04 -1.29586e+00
1.93000e-04 -1.28962e+00
1.94000e-04 -1.28343e+00
1.95000e-04 -1.27728e+00
1.96000e-04 -1.27118e+00
1.97000e-04 -1.26512e+00
1.98000e-04 -1.25911e+00
1.99000e-04 -1.25315e+00
2.00000e-04 -1.24722e+00
2.01000e-04 -1.24134e+00
2.02000e-04 -1.23551e+00
2.03000e-04 -1.22971e+00
2.04000e-04 -1.22396e+00
2.05000e-04 -1.21825e+00
2.06000e-04 -1.21259e+00
2.07000e-04 -1.20696e+00
2.08000e-04 -1.20137e+00
2.09000e-04 -1.19583e+00
2.10000e-04 -1.19032e+00
2.11000e-04 -1.18485e+00
2.12000e-04 -1.17942e+00
2.13000e-04 -1.17403e+00
2.14000e-04 -1.16868e+00
2.15000e-04 -1.16336e+00
2.16000e-04 -1.15808e+00
2.17000e-04 -1.15284e+00
2.18000e-04 -1.14764e+00
2.19000e-04 -1.14247e+00
2.20000e-04 -1.13734e+00
2.21000e-04 -1.13224e+00
2.22000e-04 -1.12717e+00
2.23000e-04 -1.12215e+00
2.24000e-04 -1.11715e+00
2.25000e-04 -1.11219e+00
2.26000e-04 -1.10727e+00
2.27000e-04 -1.10237e+00
2.28000e-04 -1.09751e+00
2.29000e-04 -1.09269e+00
2.30000e-04 -1.08789e+00
2.31000e-04 -1.08313e+00
2.32000e-04 -1.07840e+00
2.33000e-04 -1.07370e+00
2.34000e-04 -1.06903e+00
2.35000e-04 -1.06439e+00
2.36000e-04 -1.05979e+00
2.37000e-04 -1.05521e+00
2.38000e-04 -1.05066e+00
2.39000e-04 -1.04615e+00
2.40000e-04 -1.04166e+00
2.41000e-04 -1.03720e+00
2.42000e-04 -1.03277e+00
2.43000e-04 -1.02837e+00
2.44000e-04 -1.02400e+00
2.45000e-04 -1.01965e+00
2.46000e-04 -1.01534e+00
2.47000e-04 -1.01105e+00
2.48000e-04 -1.00678e+00
2.49000e-04 -1.00255e+00
2.50000e-04 -9.98342e-01
2.51000e-04 -9.94161e-01
2.52000e-04 -9.90007e-01
2.53000e-04 -9.85878e-01
2.54000e-04 -9.81776e-01
2.55000e-04 -9.77699e-01
2.56000e-04 -9.73648e-01
2.57000e-04 -9.69622e-01
2.58000e-04 -9.65621e-01
2.59000e-04 -9.61645e-01
2.60000e-04 -9.57693e-01
2.61000e-04 -9.53766e-01
2.62000e-04 -9.49863e-01
2.63000e-04 -9.45984e-01
2.64000e-04 -9.42129e-01
2.65000e-04 -9.38297e-01
2.66000e-04 -9.34489e-01
2.67000e-04 -9.30704e-01
2.68000e-04 -9.26942e-01
2.69000e-04 -9.23203e-01
2.70000e-04 -9.19486e-01
2.71000e-04 -9.15792e-01
2.72000e-04 -9.12120e-01
2.73000e-04 -9.08470e-01
2.74000e-04 -9.04842e-01
2.75000e-04 -9.01235e-01
2.76000e-04 -8.97650e-01
2.77000e-04 -8.94087e-01
2.78000e-04 -8.90544e-01
2.79000e-04 -8.87023e-01
2.80000e-04 -8.83522e-01
2.81000e-04 -8.80042e-01
2.82000e-04 -8.76583e-01
2.83000e-04 -8.73144e-01
2.84000e-04 -8.69725e-01
2.85000e-04 -8.66326e-01
2.86000e-04 -8.62947e-01
2.87000e-04 -8.59587e-01
2.88000e-04 -8.56247e-01
2.89000e-04 -8.52927e-01
2.90000e-04 -8.49625e-01
2.91000e-04 -8.46343e-01
2.92000e-04 -8.43080e-01
2.93000e-04 -8.39835e-01
2.94000e-04 -8.36609e-01
2.95000e-04 -8.33402e-01
2.96000e-04 -8.30213e-01
2.97000e-04 -8.27042e-01
2.98000e-04 -8.23889e-01
2.99000e-04 -8.20755e-01
3.00000e-04 -8.17638e-01
3.01000e-04 -8.14538e-01
3.02000e-04 -8.11456e-01
3.03000e-04 -8.08392e-01
3.04000e-04 -8.05345e-01
3.05000e-04 -8.02315e-01
3.06000e-04 -7.99302e-01
3.07000e-04 -7.96305e-01
3.08000e-04 -7.93326e-01
3.09000e-04 -7.90363e-01
3.10000e-04 -7.87417e-01
3.11000e-04 -7.84487e-01
3.12000e-04 -7.81573e-01
3.13000e-04 -7.78676e-01
3.14000e-04 -7.75794e-01
3.15000e-04 -7.72929e-01
3.16000e-04 -7.70079e-01
3.17000e-04 -7.67245e-01
3.18000e-04 -7.64427e-01
3.19000e-04 -7.61623e-01
3.20000e-04 -7.58836e-01
3.21000e-04 -7.56063e-01
3.22000e-04 -7.53306e-01
3.23000e-04 -7.50564e-01
3.24000e-04 -7.47836e-01
3.25000e-04 -7.45124e-01
3.26000e-04 -7.42426e-01
3.27000e-04 -7.39742e-01
3.28000e-04 -7.37073e-01
3.29000e-04 -7.34419e-01
3.30000e-04 -7.31779e-01
3.31000e-04 -7.29153e-01
3.32000e-04 -7.26541e-01
3.33000e-04 -7.23943e-01
3.34000e-04 -7.21359e-01
3.35000e-04 -7.18789e-01
3.36000e-04 -7.16232e-01
3.37000e-04 -7.13689e-01
3.38000e-04 -7.11160e-01
3.39000e-04 -7.08644e-01
3.40000e-04 -7.06141e-01
3.41000e-04 -7.03652e-01
3.42000e-04 -7.01176e-01
3.43000e-04 -6.98712e-01
3.44000e-04 -6.96262e-01
3.45000e-04 -6.93825e-01
3.46000e-04 -6.91400e-01
3.47000e-04 -6.88988e-01
3.48000e-04 -6.86589e-01
3.49000e-04 -6.84203e-01
3.50000e-04 -6.81828e-01
3.51000e-04 -6.79466e-01
3.52000e-04 -6.77117e-01
3.53000e-04 -6.74780e-01
3.54000e-04 -6.72454e-01
3.55000e-04 -6.70141e-01
3.56000e-04 -6.67840e-01
3.57000e-04 -6.65551e-01
3.58000e-04 -6.63273e-01
3.59000e-04 -6.61007e-01
3.60000e-04 -6.58753e-01
3.61000e-04 -6.56511e-01
3.62000e-04 -6.54279e-01
3.63000e-04 -6.52060e-01
3.64000e-04 -6.49852e-01
3.65000e-04 -6.47655e-01
3.66000e-04 -6.45469e-01
3.67000e-04 -6.43294e-01
3.68000e-04 -6.41131e-01
3.69000e-04 -6.38978e-01
3.70000e-04 -6.36836e-01
3.71000e-04 -6.34706e-01
3.72000e-04 -6.32585e-01
3.73000e-04 -6.30476e-01
3.74000e-04 -6.28378e-01
3.75000e-04 -6.26289e-01
3.76000e-04 -6.24212e-01
3.77000e-04 -6.22145e-01
3.78000e-04 -6.20088e-01
3.79000e-04 -6.18042e-01
3.80000e-04 -6.16005e-01
3.81000e-04 -6.13979e-01
3.82000e-04 -6.11964e-01
3.83000e-04 -6.09958e-01
3.84000e-04 -6.07962e-01
3.85000e-04 -6.05976e-01
3.86000e-04 -6.04000e-01
3.87000e-04 -6.02034e-01
3.88000e-04 -6.00078e-01
3.89000e-04 -5.98131e-01
3.90000e-04 -5.96194e-01
3.91000e-04 -5.94266e-01
3.92000e-04 -5.92348e-01
3.93000e-04 -5.90440e-01
3.94000e-04 -5.88540e-01
3.95000e-04 -5.86651e-01
3.96000e-04 -5.84770e-01
3.97000e-04 -5.82899e-01
3.98000e-04 -5.81037e-01
3.99000e-04 -5.79184e-01
4.00000e-04 -5.77340e-01
4.01000e-04 -5.75505e-01
4.02000e-04 -5.73679e-01
4.03000e-04 -5.71862e-01
4.04000e-04 -5.70053e-01
4.05000e-04 -5.68254e-01
4.06000e-04 -5.66463e-01
4.07000e-04 -5.64681e-01
4.08000e-04 -5.62908e-01
4.09000e-04 -5.61143e-01
4.10000e-04 -5.59387e-01
4.11000e-04 -5.57639e-01
4.12000e-04 -5.55900e-01
4.13000e-04 -5.54169e-01
4.14000e-04 -5.52446e-01
4.15000e-04 -5.50732e-01
4.16000e-04 -5.49026e-01
4.17000e-04 -5.47328e-01
4.18000e-04 -5.45638e-01
4.19000e-04 -5.43956e-01
4.20000e-04 -5.42283e-01
4.21000e-04 -5.40617e-01
4.22000e-04 -5.38960e-01
4.23000e-04 -5.37310e-01
4.24000e-04 -5.35668e-01
4.25000e-04 -5.34034e-01
4.26000e-04 -5.32408e-01
4.27000e-04 -5.30789e-01
4.28000e-04 -5.29178e-01
4.29000e-04 -5.27575e-01
4.30000e-04 -5.25979e-01
4.31000e-04 -5.24391e-01
4.32000e-04 -5.22810e-01
4.33000e-04 -5.21237e-01
4.34000e-04 -5.19672e-01
4.35000e-04 -5.18113e-01
4.36000e-04 -5.16562e-01
4.37000e-04 -5.15019e-01
4.38000e-04 -5.13482e-01
4.39000e-04 -5.11953e-01
4.40000e-04 -5.10431e-01
4.41000e-04 -5.08916e-01
4.42000e-04 -5.07408e-01
4.43000e-04 -5.05907e-01
4.44000e-04 -5.04414e-01
4.45000e-04 -5.02927e-01
4.46000e-04 -5.01447e-01
4.47000e-04 -1.00000e+00
4.48000e-04 -1.00000e+00
4.49000e-04 -1.00000e+00
4.50000e-04 -1.00000e+00
4.51000e-04 -1.00000e+00
4.52000e-04 -1.00000e+00
4.53000e-04 -1.00000e+00
4.54000e-04 -1.00000e+00
4.55000e-04 -1.00000e+00
4.56000e-04 -1.00000e+00
4.57000e-04 -1.00000e+00
4.58000e-04 -1.00000e+00
4.59000e-04 -1.00000e+00
4.60000e-04 -1.00000e+00
4.61000e-04 -1.00000e+00
4.62000e-04 -1.00000e+00
4.63000e-04 -1.00000e+00
4.64000e-04 -1.00000e+00
4.65000e-04 -1.00000e+00
4.66000e-04 -1.00000e+00
4.67000e-04 -1.00000e+00
4.68000e-04 -1.00000e+00
4.69000e-04 -1.00000e+00
4.70000e-04 -1.00000e+00
4.71000e-04 -1.00000e+00
4.72000e-04 -1.00000e+00
4.73000e-04 -1.00000e+00
4.74000e-04 -1.00000e+00
4.75000e-04 -1.00000e+00
4.76000e-04 -1.00000e+00
4.77000e-04 -1.00000e+00
4.78000e-04 -1.00000e+00
4.79000e-04 -1.00000e+00
4.80000e-04 -1.00000e+00
4.81000e-04 -1.00000e+00
4.82000e-04 -1.00000e+00
4.83000e-04 -1.00000e+00
4.84000e-04 -1.00000e+00
4.85000e-04 -1.00000e+00
4.86000e-04 -1.00000e+00
4.87000e-04 -1.00000e+00
4.88000e-04 -1.00000e+00
4.89000e-04 -1.00000e+00
4.90000e-04 -1.00000e+00
4.91000e-04 -1.00000e+00
4.92000e-04 -1.00000e+00
4.93000e-04 -1.00000e+00
4.94000e-04 -1.00000e+00
4.95000e-04 -1.00000e+00
4.96000e-04 -1.00000e+00
4.97000e-04 -1.00000e+00
4.98000e-04 -1.00000e+00
4.99000e-04 -1.00000e+00
5.00000e-04 -1.00000e+00
5.01000e-04 -1.00000e+00
5.02000e-04 -1.00000e+00
5.03000e-04 -1.00000e+00
5.04000e-04 -1.00000e+00
5.05000e-04 -1.00000e+00
5.06000e-04 -1.00000e+00
5.07000e-04 -1.00000e+00
5.08000e-04 -1.00000e+00
5.09000e-04 -1.00000e+00
5.10000e-04 -1.00000e+00
5.11000e-04 -1.00000e+00
5.12000e-04 -1.00000e+00
5.13000e-04 -1.00000e+00
5.14000e-04 -1.00000e+00
5.15000e-04 -1.00000e+00
5.16000e-04 -1.00000e+00
5.17000e-04 -1.00000e+00
5.18000e-04 -1.00000e+00
5.19000e-04 -1.00000e+00
5.20000e-04 -1.00000e+00
5.21000e-04 -1.00000e+00
5.22000e-04 -1.00000e+00
5.23000e-04 -1.00000e+00
5.24000e-04 -1.00000e+00
5.25000e-04 -1.00000e+00
5.26000e-04 -1.00000e+00
5.27000e-04 -1.00000e+00
5.28000e-04 -1.00000e+00
5.29000e-04 -1.00000e+00
5.30000e-04 -1.00000e+00
5.31000e-04 -1.00000e+00
5.32000e-04 -1.00000e+00
5.33000e-04 -1.00000e+00
5.34000e-04 -1.00000e+00
5.35000e-04 -1.00000e+00
5.36000e-04 -1.00000e+00
5.37000e-04 -1.00000e+00
5.38000e-04 -1.00000e+00
5.39000e-04 -1.00000e+00
5.40000e-04 -1.00000e+00
5.41000e-04 -1.00000e+00
5.42000e-04 -1.00000e+00
5.43000e-04 -1.00000e+00
5.44000e-04 -1.00000e+00
5.45000e-04 -1.00000e+00
5.46000e-04 -1.00000e+00
5.47000e-04 -1.00000e+00
5.48000e-04 -1.00000e+00
5.49000e-04 -1.00000e+00
5.50000e-04 5.00000e-02
