0.00000e+00 -5.00000e-02
1.00000e-06 -4.81418e+00
2.00000e-06 -4.81596e+00
3.00000e-06 -4.78626e+00
4.00000e-06 -4.75458e+00
5.00000e-06 -4.72180e+00
6.00000e-06 -4.68786e+00
7.00000e-06 -4.65274e+00
8.00000e-06 -4.61646e+00
9.00000e-06 -4.57907e+00
1.00000e-05 -4.54065e+00
1.10000e-05 -4.50128e+00
1.20000e-05 -4.46105e+00
1.30000e-05 -4.42008e+00
1.40000e-05 -4.37847e+00
1.50000e-05 -4.33634e+00
1.60000e-05 -4.29380e+00
1.70000e-05 -4.25095e+00
1.80000e-05 -4.20791e+00
1.90000e-05 -4.16477e+00
2.00000e-05 -4.12162e+00
2.10000e-05 -4.07855e+00
2.20000e-05 -4.03565e+00
2.30000e-05 -3.99297e+00
2.40000e-05 -3.95058e+00
2.50000e-05 -3.90855e+00
2.60000e-05 -3.86691e+00
2.70000e-05 -3.82571e+00
2.80000e-05 -3.78499e+00
2.90000e-05 -3.74477e+00
3.00000e-05 -3.70508e+00
3.10000e-05 -3.66594e+00
3.20000e-05 -3.62737e+00
3.30000e-05 -3.58937e+00
3.40000e-05 -3.55196e+00
3.50000e-05 -3.51514e+00
3.60000e-05 -3.47891e+00
3.70000e-05 -3.44327e+00
3.80000e-05 -3.40823e+00
3.90000e-05 -3.37377e+00
4.00000e-05 -3.33990e+00
4.10000e-05 -3.30661e+00
4.20000e-05 -3.27389e+00
4.30000e-05 -3.24173e+00
4.40000e-05 -3.21013e+00
4.50000e-05 -3.17907e+00
4.60000e-05 -3.14856e+00
4.70000e-05 -3.11856e+00
4.80000e-05 -3.08909e+00
4.90000e-05 -3.06012e+00
5.00000e-05 -3.03165e+00
5.10000e-05 -3.00366e+00
5.20000e-05 -2.97615e+00
5.30000e-05 -2.94911e+00
5.40000e-05 -2.92252e+00
5.50000e-05 -2.89638e+00
5.60000e-05 -2.87067e+00
5.70000e-05 -2.84539e+00
5.80000e-05 -2.82052e+00
5.90000e-05 -2.79605e+00
6.00000e-05 -2.77199e+00
6.10000e-05 -2.74831e+00
6.20000e-05 -2.72501e+00
6.30000e-05 -2.70208e+00
6.40000e-05 -2.67951e+00
6.50000e-05 -2.65729e+00
6.60000e-05 -2.63541e+00
6.70000e-05 -2.61388e+00
6.80000e-05 -2.59267e+00
6.90000e-05 -2.57178e+00
7.00000e-05 -2.55121e+00
7.10000e-05 -2.53094e+00
7.20000e-05 -2.51097e+00
7.30000e-05 -2.49129e+00
7.40000e-05 -2.47190e+00
7.50000e-05 -2.45279e+00
7.60000e-05 -2.43396e+00
7.70000e-05 -2.41539e+00
7.80000e-05 -2.39708e+00
7.90000e-05 -2.37903e+00
8.00000e-05 -2.36123e+00
8.10000e-05 -2.34367e+00
8.20000e-05 -2.32635e+00
8.30000e-05 -2.30927e+00
8.40000e-05 -2.29241e+00
8.50000e-05 -2.27578e+00
8.60000e-05 -2.25937e+00
8.70000e-05 -2.24318e+00
8.80000e-05 -2.22719e+00
8.90000e-05 -2.21142e+00
9.00000e-05 -2.19584e+00
9.10000e-05 -2.18046e+00
9.20000e-05 -2.16528e+00
9.30000e-05 -2.15029e+00
9.40000e-05 -2.13548e+00
9.50000e-05 -2.12086e+00
9.60000e-05 -2.10641e+00
9.70000e-05 -2.09214e+00
9.80000e-05 -2.07805e+00
9.90000e-05 -2.06412e+00
1.00000e-04 -2.05036e+00
1.01000e-04 -2.03676e+00
1.02000e-04 -2.02332e+00
1.03000e-04 -2.01004e+00
1.04000e-04 -1.99691e+00
1.05000e-04 -1.98393e+00
1.06000e-04 -1.97110e+00
1.07000e-04 -1.95841e+00
1.08000e-04 -1.94587e+00
1.09000e-04 -1.93347e+00
1.10000e-04 -1.92121e+00
1.11000e-04 -1.90908e+00
1.12000e-04 -1.89708e+00
1.13000e-04 -1.88522e+00
1.14000e-04 -1.87348e+00
1.15000e-04 -1.86187e+00
1.16000e-04 -1.85039e+00
1.17000e-04 -1.83902e+00
1.18000e-04 -1.82778e+00
1.19000e-04 -1.81665e+00
1.20000e-04 -1.80564e+00
1.21000e-04 -1.79475e+00
1.22000e-04 -1.78396e+00
1.23000e-04 -1.77329e+00
1.24000e-04 -1.76272e+00
1.25000e-04 -1.75227e+00
1.26000e-04 -1.74191e+00
1.27000e-04 -1.73167e+00
1.28000e-04 -1.72152e+00
1.29000e-04 -1.71147e+00
1.30000e-04 -1.70152e+00
1.31000e-04 -1.69167e+00
1.32000e-04 -1.68192e+00
1.33000e-04 -1.67226e+00
1.34000e-04 -1.66269e+00
1.35000e-04 -1.65321e+00
1.36000e-04 -1.64383e+00
1.37000e-04 -1.63453e+00
1.38000e-04 -1.62532e+00
1.39000e-04 -1.61620e+00
1.40000e-04 -1.60716e+00
1.41000e-04 -1.59820e+00
1.42000e-04 -1.58933e+00
1.43000e-04 -1.58054e+00
1.44000e-04 -1.57183e+00
1.45000e-04 -1.56319e+00
1.46000e-04 -1.55464e+00
1.47000e-04 -1.54616e+00
1.48000e-04 -1.53776e+00
1.49000e-04 -1.52943e+00
1.50000e-04 -1.52118e+00
1.51000e-04 -1.51300e+00
1.52000e-04 -1.50489e+00
1.53000e-04 -1.49685e+00
1.54000e-04 -1.48888e+00
1.55000e-04 -1.48099e+00
1.56000e-04 -1.47315e+00
1.57000e-04 -1.46539e+00
1.58000e-04 -1.45769e+00
1.59000e-04 -1.45006e+00
1.60000e-04 -1.44249e+00
1.61000e-04 -1.43499e+00
1.62000e-04 -1.42754e+00
1.63000e-04 -1.42016e+00
1.64000e-04 -1.41284e+00
1.65000e-04 -1.40559e+00
1.66000e-04 -1.39839e+00
1.67000e-04 -1.39125e+00
1.68000e-04 -1.38417e+00
1.69000e-04 -1.37714e+00
1.70000e-04 -1.37018e+00
1.71000e-04 -1.36327e+00
1.72000e-04 -1.35641e+00
1.73000e-04 -1.34961e+00
1.74000e-04 -1.34286e+00
1.75000e-04 -1.33617e+00
1.76000e-04 -1.32953e+00
1.77000e-04 -1.32294e+00
1.78000e-04 -1.31640e+00
1.79000e-04 -1.30992e+00
1.80000e-04 -1.30348e+00
1.81000e-04 -1.29710e+00
1.82000e-04 -1.29076e+00
1.83000e-04 -1.28448e+00
1.84000e-04 -1.27824e+00
1.85000e-04 -1.27204e+00
1.86000e-04 -1.26590e+00
1.87000e-04 -1.25980e+00
1.88000e-04 -1.25375e+00
1.89000e-04 -1.24774e+00
1.90000e-04 -1.24178e+00
1.91000e-04 -1.23586e+00
1.92000e-04 -1.22999e+00
1.93000e-04 -1.22416e+00
1.94000e-04 -1.21837e+00
1.95000e-04 -1.21263e+00
1.96000e-04 -1.20692e+00
1.97000e-04 -1.20126e+00
1.98000e-04 -1.19564e+00
1.99000e-04 -1.19007e+00
2.00000e-04 -1.18453e+00
2.01000e-04 -1.17903e+00
2.02000e-04 -1.17357e+00
2.03000e-04 -1.16815e+00
2.04000e-04 -1.16277e+00
2.05000e-04 -1.15742e+00
2.06000e-04 -1.15212e+00
2.07000e-04 -1.14685e+00
2.08000e-04 -1.14162e+00
2.09000e-04 -1.13642e+00
2.10000e-04 -1.13127e+00
2.11000e-04 -1.12614e+00
2.12000e-04 -1.12106e+00
2.13000e-04 -1.11601e+00
2.14000e-04 -1.11099e+00
2.15000e-04 -1.10601e+00
2.16000e-04 -1.10106e+00
2.17000e-04 -1.09615e+00
2.18000e-04 -1.09127e+00
2.19000e-04 -1.08642e+00
2.20000e-04 -1.08161e+00
2.21000e-04 -1.07682e+00
2.22000e-04 -1.07208e+00
2.23000e-04 -1.06736e+00
2.24000e-04 -1.06267e+00
2.25000e-04 -1.05802e+00
2.26000e-04 -1.05339e+00
2.27000e-04 -1.04880e+00
2.28000e-04 -1.04424e+00
2.29000e-04 -1.03971e+00
2.30000e-04 -1.03520e+00
2.31000e-04 -1.03073e+00
2.32000e-04 -1.02629e+00
2.33000e-04 -1.02187e+00
2.34000e-04 -1.01749e+00
2.35000e-04 -1.01313e+00
2.36000e-04 -1.00880e+00
2.37000e-04 -1.00450e+00
2.38000e-04 -1.00023e+00
2.39000e-04 -9.95983e-01
2.40000e-04 -9.91764e-01
2.41000e-04 -9.87573e-01
2.42000e-04 -9.83408e-01
2.43000e-04 -9.79270e-01
2.44000e-04 -9.75158e-01
2.45000e-04 -9.71072e-01
2.46000e-04 -9.67012e-01
2.47000e-04 -9.62977e-01
2.48000e-04 -9.58968e-01
2.49000e-04 -9.54984e-01
2.50000e-04 -9.51025e-01
2.51000e-04 -9.47091e-01
2.52000e-04 -9.43181e-01
2.53000e-04 -9.39295e-01
2.54000e-04 -9.35433e-01
2.55000e-04 -9.31596e-01
2.56000e-04 -9.27782e-01
2.57000e-04 -9.23991e-01
2.58000e-04 -9.20224e-01
2.59000e-04 -9.16479e-01
2.60000e-04 -9.12758e-01
2.61000e-04 -9.09059e-01
2.62000e-04 -9.05383e-01
2.63000e-04 -9.01729e-01
2.64000e-04 -8.98097e-01
2.65000e-04 -8.94487e-01
2.66000e-04 -8.90899e-01
2.67000e-04 -8.87332e-01
2.68000e-04 -8.83787e-01
2.69000e-04 -8.80263e-01
2.70000e-04 -8.76760e-01
2.71000e-04 -8.73277e-01
2.72000e-04 -8.69816e-01
2.73000e-04 -8.66375e-01
2.74000e-04 -8.62955e-01
2.75000e-04 -8.59554e-01
2.76000e-04 -8.56174e-01
2.77000e-04 -8.52814e-01
2.78000e-04 -8.49473e-01
2.79000e-04 -8.46152e-01
2.80000e-04 -8.42850e-01
2.81000e-04 -8.39568e-01
2.82000e-04 -8.36304e-01
2.83000e-04 -8.33060e-01
2.84000e-04 -8.29834e-01
2.85000e-04 -8.26627e-01
2.86000e-04 -8.23439e-01
2.87000e-04 -8.20269e-01
2.88000e-04 -8.17117e-01
2.89000e-04 -8.13984e-01
2.90000e-04 -8.10868e-01
2.91000e-04 -8.07770e-01
2.92000e-04 -8.04690e-01
2.93000e-04 -8.01627e-01
2.94000e-04 -7.98582e-01
2.95000e-04 -7.95554e-01
2.96000e-04 -7.92543e-01
2.97000e-04 -7.89550e-01
2.98000e-04 -7.86573e-01
2.99000e-04 -7.83613e-01
3.00000e-04 -7.80669e-01
3.01000e-04 -7.77742e-01
3.02000e-04 -7.74832e-01
3.03000e-04 -7.71937e-01
3.04000e-04 -7.69059e-01
3.05000e-04 -7.66197e-01
3.06000e-04 -7.63351e-01
3.07000e-04 -7.60521e-01
3.08000e-04 -7.57706e-01
3.09000e-04 -7.54907e-01
3.10000e-04 -7.52123e-01
3.11000e-04 -7.49355e-01
3.12000e-04 -7.46602e-01
3.13000e-04 -7.43864e-01
3.14000e-04 -7.41141e-01
3.15000e-04 -7.38433e-01
3.16000e-04 -7.35740e-01
3.17000e-04 -7.33062e-01
3.18000e-04 -7.30398e-01
3.19000e-04 -7.27748e-01
3.20000e-04 -7.25113e-01
3.21000e-04 -7.22493e-01
3.22000e-04 -7.19886e-01
3.23000e-04 -7.17294e-01
3.24000e-04 -7.14715e-01
3.25000e-04 -7.12151e-01
3.26000e-04 -7.09600e-01
3.27000e-04 -7.07063e-01
3.28000e-04 -7.04539e-01
3.29000e-04 -7.02029e-01
3.30000e-04 -6.99533e-01
3.31000e-04 -6.97050e-01
3.32000e-04 -6.94580e-01
3.33000e-04 -6.92123e-01
3.34000e-04 -6.89679e-01
3.35000e-04 -6.87248e-01
3.36000e-04 -6.84830e-01
3.37000e-04 -6.82425e-01
3.38000e-04 -6.80032e-01
3.39000e-04 -6.77653e-01
3.40000e-04 -6.75285e-01
3.41000e-04 -6.72930e-01
3.42000e-04 -6.70588e-01
3.43000e-04 -6.68258e-01
3.44000e-04 -6.65939e-01
3.45000e-04 -6.63634e-01
3.46000e-04 -6.61340e-01
3.47000e-04 -6.59058e-01
3.48000e-04 -6.56788e-01
3.49000e-04 -6.54529e-01
3.50000e-04 -6.52283e-01
3.51000e-04 -6.50048e-01
3.52000e-04 -6.47824e-01
3.53000e-04 -6.45613e-01
3.54000e-04 -6.43412e-01
3.55000e-04 -6.41223e-01
3.56000e-04 -6.39045e-01
3.57000e-04 -6.36878e-01
3.58000e-04 -6.34723e-01
3.59000e-04 -6.32578e-01
3.60000e-04 -6.30445e-01
3.61000e-04 -6.28322e-01
3.62000e-04 -6.26210e-01
3.63000e-04 -6.24109e-01
3.64000e-04 -6.22019e-01
3.65000e-04 -6.19939e-01
3.66000e-04 -6.17870e-01
3.67000e-04 -6.15812e-01
3.68000e-04 -6.13763e-01
3.69000e-04 -6.11726e-01
3.70000e-04 -6.09698e-01
3.71000e-04 -6.07681e-01
3.72000e-04 -6.05674e-01
3.73000e-04 -6.03677e-01
3.74000e-04 -6.01690e-01
3.75000e-04 -5.99712e-01
3.76000e-04 -5.97745e-01
3.77000e-04 -5.95788e-01
3.78000e-04 -5.93841e-01
3.79000e-04 -5.91903e-01
3.80000e-04 -5.89975e-01
3.81000e-04 -5.88056e-01
3.82000e-04 -5.86147e-01
3.83000e-04 -5.84248e-01
3.84000e-04 -5.82358e-01
3.85000e-04 -5.80477e-01
3.86000e-04 -5.78606e-01
3.87000e-04 -5.76744e-01
3.88000e-04 -5.74891e-01
3.89000e-04 -5.73048e-01
3.90000e-04 -5.71213e-01
3.91000e-04 -5.69388e-01
3.92000e-04 -5.67571e-01
3.93000e-04 -5.65763e-01
3.94000e-04 -5.63965e-01
3.95000e-04 -5.62175e-01
3.96000e-04 -5.60393e-01
3.97000e-04 -5.58621e-01
3.98000e-04 -5.56857e-01
3.99000e-04 -5.55102e-01
4.00000e-04 -5.53355e-01
4.01000e-04 -5.51617e-01
4.02000e-04 -5.49888e-01
4.03000e-04 -5.48166e-01
4.04000e-04 -5.46454e-01
4.05000e-04 -5.44749e-01
4.06000e-04 -5.43053e-01
4.07000e-04 -5.41365e-01
4.08000e-04 -5.39685e-01
4.09000e-04 -5.38013e-01
4.10000e-04 -5.36349e-01
4.11000e-04 -5.34693e-01
4.12000e-04 -5.33046e-01
4.13000e-04 -5.31406e-01
4.14000e-04 -5.29774e-01
4.15000e-04 -5.28150e-01
4.16000e-04 -5.26534e-01
4.17000e-04 -5.24925e-01
4.18000e-04 -5.23324e-01
4.19000e-04 -5.21731e-01
4.20000e-04 -5.20145e-01
4.21000e-04 -5.18567e-01
4.22000e-04 -5.16997e-01
4.23000e-04 -5.15434e-01
4.24000e-04 -5.13878e-01
4.25000e-04 -5.12330e-01
4.26000e-04 -5.10789e-01
4.27000e-04 -5.09255e-01
4.28000e-04 -5.07729e-01
4.29000e-04 -5.06210e-01
4.30000e-04 -5.04698e-01
4.31000e-04 -5.03194e-01
4.32000e-04 -5.01696e-01
4.33000e-04 -5.00205e-01
4.34000e-04 -1.00000e+00
4.35000e-04 -1.00000e+00
4.36000e-04 -1.00000e+00
4.37000e-04 -1.00000e+00
4.38000e-04 -1.00000e+00
4.39000e-04 -1.00000e+00
4.40000e-04 -1.00000e+00
4.41000e-04 -1.00000e+00
4.42000e-04 -1.00000e+00
4.43000e-04 -1.00000e+00
4.44000e-04 -1.00000e+00
4.45000e-04 -1.00000e+00
4.46000e-04 -1.00000e+00
4.47000e-04 -1.00000e+00
4.48000e-04 -1.00000e+00
4.49000e-04 -1.00000e+00
4.50000e-04 -1.00000e+00
4.51000e-04 -1.00000e+00
4.52000e-04 -1.00000e+00
4.53000e-04 -1.00000e+00
4.54000e-04 -1.00000e+00
4.55000e-04 -1.00000e+00
4.56000e-04 -1.00000e+00
4.57000e-04 -1.00000e+00
4.58000e-04 -1.00000e+00
4.59000e-04 -1.00000e+00
4.60000e-04 -1.00000e+00
4.61000e-04 -1.00000e+00
4.62000e-04 -1.00000e+00
4.63000e-04 -1.00000e+00
4.64000e-04 -1.00000e+00
4.65000e-04 -1.00000e+00
4.66000e-04 -1.00000e+00
4.67000e-04 -1.00000e+00
4.68000e-04 -1.00000e+00
4.69000e-04 -1.00000e+00
4.70000e-04 -1.00000e+00
4.71000e-04 -1.00000e+00
4.72000e-04 -1.00000e+00
4.73000e-04 -1.00000e+00
4.74000e-04 -1.00000e+00
4.75000e-04 -1.00000e+00
4.76000e-04 -1.00000e+00
4.77000e-04 -1.00000e+00
4.78000e-04 -1.00000e+00
4.79000e-04 -1.00000e+00
4.80000e-04 -1.00000e+00
4.81000e-04 -1.00000e+00
4.82000e-04 -1.00000e+00
4.83000e-04 -1.00000e+00
4.84000e-04 -1.00000e+00
4.85000e-04 -1.00000e+00
4.86000e-04 -1.00000e+00
4.87000e-04 -1.00000e+00
4.88000e-04 -1.00000e+00
4.89000e-04 -1.00000e+00
4.90000e-04 -1.00000e+00
4.91000e-04 -1.00000e+00
4.92000e-04 -1.00000e+00
4.93000e-04 -1.00000e+00
4.94000e-04 -1.00000e+00
4.95000e-04 -1.00000e+00
4.96000e-04 -1.00000e+00
4.97000e-04 -1.00000e+00
4.98000e-04 -1.00000e+00
4.99000e-04 -1.00000e+00
5.00000e-04 -1.00000e+00
5.01000e-04 -1.00000e+00
5.02000e-04 -1.00000e+00
5.03000e-04 -1.00000e+00
5.04000e-04 -1.00000e+00
5.05000e-04 -1.00000e+00
5.06000e-04 -1.00000e+00
5.07000e-04 -1.00000e+00
5.08000e-04 -1.00000e+00
5.09000e-04 -1.00000e+00
5.10000e-04 -1.00000e+00
5.11000e-04 -1.00000e+00
5.12000e-04 -1.00000e+00
5.13000e-04 -1.00000e+00
5.14000e-04 -1.00000e+00
5.15000e-04 -1.00000e+00
5.16000e-04 -1.00000e+00
5.17000e-04 -1.00000e+00
5.18000e-04 -1.00000e+00
5.19000e-04 -1.00000e+00
5.20000e-04 -1.00000e+00
5.21000e-04 -1.00000e+00
5.22000e-04 -1.00000e+00
5.23000e-04 -1.00000e+00
5.24000e-04 -1.00000e+00
5.25000e-04 -1.00000e+00
5.26000e-04 -1.00000e+00
5.27000e-04 -1.00000e+00
5.28000e-04 -1.00000e+00
5.29000e-04 -1.00000e+00
5.30000e-04 -1.00000e+00
5.31000e-04 -1.00000e+00
5.32000e-04 -1.00000e+00
5.33000e-04 -1.00000e+00
5.34000e-04 -1.00000e+00
5.35000e-04 -1.00000e+00
5.36000e-04 -1.00000e+00
5.37000e-04 -1.00000e+00
5.38000e-04 -1.00000e+00
5.39000e-04 -1.00000e+00
5.40000e-04 -1.00000e+00
5.41000e-04 -1.00000e+00
5.42000e-04 -1.00000e+00
5.43000e-04 -1.00000e+00
5.44000e-04 -1.00000e+00
5.45000e-04 -1.00000e+00
5.46000e-04 -1.00000e+00
5.47000e-04 -1.00000e+00
5.48000e-04 -1.00000e+00
5.49000e-04 -1.00000e+00
5.50000e-04 -1.00000e+00
5.51000e-04 -1.00000e+00
5.52000e-04 -1.00000e+00
5.53000e-04 -1.00000e+00
5.54000e-04 -1.00000e+00
5.55000e-04 -1.00000e+00
5.56000e-04 -1.00000e+00
5.57000e-04 -1.00000e+00
5.58000e-04 -1.00000e+00
5.59000e-04 -1.00000e+00
5.60000e-04 -1.00000e+00
5.61000e-04 -1.00000e+00
5.62000e-04 -1.00000e+00
5.63000e-04 -1.00000e+00
5.64000e-04 -1.00000e+00
5.65000e-04 -1.00000e+00
5.66000e-04 -1.00000e+00
5.67000e-04 -1.00000e+00
5.68000e-04 -1.00000e+00
5.69000e-04 -1.00000e+00
5.70000e-04 -1.00000e+00
5.71000e-04 -1.00000e+00
5.72000e-04 -1.00000e+00
5.73000e-04 -1.00000e+00
5.74000e-04 -1.00000e+00
5.75000e-04 -1.00000e+00
5.76000e-04 -1.00000e+00
5.77000e-04 -1.00000e+00
5.78000e-04 -1.00000e+00
5.79000e-04 -1.00000e+00
5.80000e-04 -1.00000e+00
5.81000e-04 -1.00000e+00
5.82000e-04 -1.00000e+00
5.83000e-04 -1.00000e+00
5.84000e-04 -1.00000e+00
5.85000e-04 -1.00000e+00
5.86000e-04 -1.00000e+00
5.87000e-04 -1.00000e+00
5.88000e-04 -1.00000e+00
5.89000e-04 -1.00000e+00
5.90000e-04 -1.00000e+00
5.91000e-04 -1.00000e+00
5.92000e-04 -1.00000e+00
5.93000e-04 -1.00000e+00
5.94000e-04 -1.00000e+00
5.95000e-04 -1.00000e+00
5.96000e-04 -1.00000e+00
5.97000e-04 -1.00000e+00
5.98000e-04 -1.00000e+00
5.99000e-04 -1.00000e+00
6.00000e-04 -1.00000e+00
6.01000e-04 -1.00000e+00
6.02000e-04 -1.00000e+00
6.03000e-04 -1.00000e+00
6.04000e-04 -1.00000e+00
6.05000e-04 -1.00000e+00
6.06000e-04 -1.00000e+00
6.07000e-04 -1.00000e+00
6.08000e-04 -1.00000e+00
6.09000e-04 -1.00000e+00
6.10000e-04 -1.00000e+00
6.11000e-04 -1.00000e+00
6.12000e-04 -1.00000e+00
6.13000e-04 -1.00000e+00
6.14000e-04 -1.00000e+00
6.15000e-04 -1.00000e+00
6.16000e-04 -1.00000e+00
6.17000e-04 -1.00000e+00
6.18000e-04 -1.00000e+00
6.19000e-04 -1.00000e+00
6.20000e-04 -1.00000e+00
6.21000e-04 -1.00000e+00
6.22000e-04 -1.00000e+00
6.23000e-04 -1.00000e+00
6.24000e-04 -1.00000e+00
6.25000e-04 -1.00000e+00
6.26000e-04 -1.00000e+00
6.27000e-04 -1.00000e+00
6.28000e-04 -1.00000e+00
6.29000e-04 -1.00000e+00
6.30000e-04 -1.00000e+00
6.31000e-04 -1.00000e+00
6.32000e-04 -1.00000e+00
6.33000e-04 -1.00000e+00
6.34000e-04 -1.00000e+00
6.35000e-04 -1.00000e+00
6.36000e-04 -1.00000e+00
6.37000e-04 -1.00000e+00
6.38000e-04 -1.00000e+00
6.39000e-04 -1.00000e+00
6.40000e-04 -1.00000e+00
6.41000e-04 -1.00000e+00
6.42000e-04 -1.00000e+00
6.43000e-04 -1.00000e+00
6.44000e-04 -1.00000e+00
6.45000e-04 6.04392e-01
6.46000e-04 6.11716e-01
6.47000e-04 -1.73963e+00
6.48000e-04 -2.71869e+00
6.49000e-04 -2.71572e+00
6.50000e-04 -2.69354e+00
6.51000e-04 -2.67112e+00
6.52000e-04 -2.64903e+00
6.53000e-04 -2.62728e+00
6.54000e-04 -2.60587e+00
6.55000e-04 -2.58478e+00
6.56000e-04 -2.56401e+00
6.57000e-04 -2.54355e+00
6.58000e-04 -2.52340e+00
6.59000e-04 -2.50354e+00
6.60000e-04 -2.48397e+00
6.61000e-04 -2.46469e+00
6.62000e-04 -2.44568e+00
6.63000e-04 -2.42695e+00
6.64000e-04 -2.40848e+00
6.65000e-04 -2.39027e+00
6.66000e-04 -2.37231e+00
6.67000e-04 -2.35460e+00
6.68000e-04 -2.33713e+00
6.69000e-04 -2.31990e+00
6.70000e-04 -2.30291e+00
6.71000e-04 -2.28614e+00
6.72000e-04 -2.26959e+00
6.73000e-04 -2.25326e+00
6.74000e-04 -2.23715e+00
6.75000e-04 -2.22124e+00
6.76000e-04 -2.20554e+00
6.77000e-04 -2.19004e+00
6.78000e-04 -2.17474e+00
6.79000e-04 -2.15962e+00
6.80000e-04 -2.14470e+00
6.81000e-04 -2.12996e+00
6.82000e-04 -2.11541e+00
6.83000e-04 -2.10103e+00
6.84000e-04 -2.08683e+00
6.85000e-04 -2.07279e+00
6.86000e-04 -2.05893e+00
6.87000e-04 -2.04523e+00
6.88000e-04 -2.03169e+00
6.89000e-04 -2.01831e+00
6.90000e-04 -2.00508e+00
6.91000e-04 -1.99201e+00
6.92000e-04 -1.97909e+00
6.93000e-04 -1.96631e+00
6.94000e-04 -1.95368e+00
6.95000e-04 -1.94119e+00
6.96000e-04 -1.92885e+00
6.97000e-04 -1.91663e+00
6.98000e-04 -1.90455e+00
6.99000e-04 -1.89261e+00
7.00000e-04 -1.88079e+00
7.01000e-04 -1.86910e+00
7.02000e-04 -1.85754e+00
7.03000e-04 -1.84610e+00
7.04000e-04 -1.83478e+00
7.05000e-04 -1.82358e+00
7.06000e-04 -1.81250e+00
7.07000e-04 -1.80153e+00
7.08000e-04 -1.79068e+00
7.09000e-04 -1.77994e+00
7.10000e-04 -1.76931e+00
7.11000e-04 -1.75878e+00
7.12000e-04 -1.74836e+00
7.13000e-04 -1.73805e+00
7.14000e-04 -1.72784e+00
7.15000e-04 -1.71773e+00
7.16000e-04 -1.70772e+00
7.17000e-04 -1.69781e+00
7.18000e-04 -1.68800e+00
7.19000e-04 -1.67828e+00
7.20000e-04 -1.66865e+00
7.21000e-04 -1.65912e+00
7.22000e-04 -1.64968e+00
7.23000e-04 -1.64032e+00
7.24000e-04 -1.63106e+00
7.25000e-04 -1.62188e+00
7.26000e-04 -1.61279e+00
7.27000e-04 -1.60378e+00
7.28000e-04 -1.59486e+00
7.29000e-04 -1.58602e+00
7.30000e-04 -1.57725e+00
7.31000e-04 -1.56857e+00
7.32000e-04 -1.55997e+00
7.33000e-04 -1.55145e+00
7.34000e-04 -1.54300e+00
7.35000e-04 -1.53462e+00
7.36000e-04 -1.52632e+00
7.37000e-04 -1.51810e+00
7.38000e-04 -1.50994e+00
7.39000e-04 -1.50186e+00
7.40000e-04 -1.49385e+00
7.41000e-04 -1.48591e+00
7.42000e-04 -1.47803e+00
7.43000e-04 -1.47023e+00
7.44000e-04 -1.46249e+00
7.45000e-04 -1.45482e+00
7.46000e-04 -1.44721e+00
7.47000e-04 -1.43966e+00
7.48000e-04 -1.43218e+00
7.49000e-04 -1.42476e+00
7.50000e-04 -1.41741e+00
7.51000e-04 -1.41011e+00
7.52000e-04 -1.40287e+00
7.53000e-04 -1.39570e+00
7.54000e-04 -1.38858e+00
7.55000e-04 -1.38152e+00
7.56000e-04 -1.37452e+00
7.57000e-04 -1.36757e+00
7.58000e-04 -1.36068e+00
7.59000e-04 -1.35385e+00
7.60000e-04 -1.34707e+00
7.61000e-04 -1.34034e+00
7.62000e-04 -1.33367e+00
7.63000e-04 -1.32705e+00
7.64000e-04 -1.32048e+00
7.65000e-04 -1.31396e+00
7.66000e-04 -1.30750e+00
7.67000e-04 -1.30108e+00
7.68000e-04 -1.29471e+00
7.69000e-04 -1.28839e+00
7.70000e-04 -1.28213e+00
7.71000e-04 -1.27590e+00
7.72000e-04 -1.26973e+00
7.73000e-04 -1.26360e+00
7.74000e-04 -1.25752e+00
7.75000e-04 -1.25149e+00
7.76000e-04 -1.24550e+00
7.77000e-04 -1.23955e+00
7.78000e-04 -1.23365e+00
7.79000e-04 -1.22779e+00
7.80000e-04 -1.22198e+00
7.81000e-04 -1.21621e+00
7.82000e-04 -1.21048e+00
7.83000e-04 -1.20479e+00
7.84000e-04 -1.19915e+00
7.85000e-04 -1.19354e+00
7.86000e-04 -1.18798e+00
7.87000e-04 -1.18246e+00
7.88000e-04 -1.17697e+00
7.89000e-04 -1.17153e+00
7.90000e-04 -1.16612e+00
7.91000e-04 -1.16075e+00
7.92000e-04 -1.15543e+00
7.93000e-04 -1.15013e+00
7.94000e-04 -1.14488e+00
7.95000e-04 -1.13966e+00
7.96000e-04 -1.13448e+00
7.97000e-04 -1.12934e+00
7.98000e-04 -1.12423e+00
7.99000e-04 -1.11916e+00
8.00000e-04 -1.11412e+00
8.01000e-04 -1.10912e+00
8.02000e-04 -1.10415e+00
8.03000e-04 -1.09921e+00
8.04000e-04 -1.09431e+00
8.05000e-04 -1.08944e+00
8.06000e-04 -1.08461e+00
8.07000e-04 -1.07981e+00
8.08000e-04 -1.07504e+00
8.09000e-04 -1.07030e+00
8.10000e-04 -1.06559e+00
8.11000e-04 -1.06092e+00
8.12000e-04 -1.05628e+00
8.13000e-04 -1.05166e+00
8.14000e-04 -1.04708e+00
8.15000e-04 -1.04253e+00
8.16000e-04 -1.03801e+00
8.17000e-04 -1.03352e+00
8.18000e-04 -1.02906e+00
8.19000e-04 -1.02463e+00
8.20000e-04 -1.02022e+00
8.21000e-04 -1.01585e+00
8.22000e-04 -1.01150e+00
8.23000e-04 -1.00718e+00
8.24000e-04 -1.00289e+00
8.25000e-04 -9.98630e-01
8.26000e-04 -9.94394e-01
8.27000e-04 -9.90186e-01
8.28000e-04 -9.86005e-01
8.29000e-04 -9.81850e-01
8.30000e-04 -9.77722e-01
8.31000e-04 -9.73620e-01
8.32000e-04 -9.69543e-01
8.33000e-04 -9.65493e-01
8.34000e-04 -9.61468e-01
8.35000e-04 -9.57468e-01
8.36000e-04 -9.53494e-01
8.37000e-04 -9.49544e-01
8.38000e-04 -9.45619e-01
8.39000e-04 -9.41718e-01
8.40000e-04 -9.37841e-01
8.41000e-04 -9.33989e-01
8.42000e-04 -9.30160e-01
8.43000e-04 -9.26354e-01
8.44000e-04 -9.22573e-01
8.45000e-04 -9.18814e-01
8.46000e-04 -9.15078e-01
8.47000e-04 -9.11365e-01
8.48000e-04 -9.07675e-01
8.49000e-04 -9.04007e-01
8.50000e-04 -9.00361e-01
8.51000e-04 -8.96738e-01
8.52000e-04 -8.93136e-01
8.53000e-04 -8.89556e-01
8.54000e-04 -8.85997e-01
8.55000e-04 -8.82460e-01
8.56000e-04 -8.78944e-01
8.57000e-04 -8.75449e-01
8.58000e-04 -8.71974e-01
8.59000e-04 -8.68521e-01
8.60000e-04 -8.65087e-01
8.61000e-04 -8.61674e-01
8.62000e-04 -8.58282e-01
8.63000e-04 -8.54909e-01
8.64000e-04 -8.51556e-01
8.65000e-04 -8.48223e-01
8.66000e-04 -8.44909e-01
8.67000e-04 -8.41614e-01
8.68000e-04 -8.38339e-01
8.69000e-04 -8.35083e-01
8.70000e-04 -8.31846e-01
8.71000e-04 -8.28627e-01
8.72000e-04 -8.25427e-01
8.73000e-04 -8.22246e-01
8.74000e-04 -8.19083e-01
8.75000e-04 -8.15938e-01
8.76000e-04 -8.12811e-01
8.77000e-04 -8.09702e-01
8.78000e-04 -8.06611e-01
8.79000e-04 -8.03537e-01
8.80000e-04 -8.00481e-01
8.81000e-04 -7.97442e-01
8.82000e-04 -7.94421e-01
8.83000e-04 -7.91416e-01
8.84000e-04 -7.88429e-01
8.85000e-04 -7.85458e-01
8.86000e-04 -7.82505e-01
8.87000e-04 -7.79567e-01
8.88000e-04 -7.76647e-01
8.89000e-04 -7.73742e-01
8.90000e-04 -7.70854e-01
8.91000e-04 -7.67982e-01
8.92000e-04 -7.65126e-01
8.93000e-04 -7.62286e-01
8.94000e-04 -7.59461e-01
8.95000e-04 -7.56652e-01
8.96000e-04 -7.53859e-01
8.97000e-04 -7.51081e-01
8.98000e-04 -7.48319e-01
8.99000e-04 -7.45571e-01
9.00000e-04 -7.42839e-01
9.01000e-04 -7.40122e-01
9.02000e-04 -7.37419e-01
9.03000e-04 -7.34732e-01
9.04000e-04 -7.32059e-01
9.05000e-04 -7.29400e-01
9.06000e-04 -7.26756e-01
9.07000e-04 -7.24127e-01
9.08000e-04 -7.21511e-01
9.09000e-04 -7.18910e-01
9.10000e-04 -7.16323e-01
9.11000e-04 -7.13750e-01
9.12000e-04 -7.11191e-01
9.13000e-04 -7.08645e-01
9.14000e-04 -7.06113e-01
9.15000e-04 -7.03595e-01
9.16000e-04 -7.01090e-01
9.17000e-04 -6.98598e-01
9.18000e-04 -6.96120e-01
9.19000e-04 -6.93655e-01
9.20000e-04 -6.91203e-01
9.21000e-04 -6.88764e-01
9.22000e-04 -6.86338e-01
9.23000e-04 -6.83925e-01
9.24000e-04 -6.81524e-01
9.25000e-04 -6.79137e-01
9.26000e-04 -6.76762e-01
9.27000e-04 -6.74399e-01
9.28000e-04 -6.72049e-01
9.29000e-04 -6.69711e-01
9.30000e-04 -6.67385e-01
9.31000e-04 -6.65072e-01
9.32000e-04 -6.62770e-01
9.33000e-04 -6.60481e-01
9.34000e-04 -6.58203e-01
9.35000e-04 -6.55938e-01
9.36000e-04 -6.53684e-01
9.37000e-04 -6.51442e-01
9.38000e-04 -6.49211e-01
9.39000e-04 -6.46992e-01
9.40000e-04 -6.44784e-01
9.41000e-04 -6.42588e-01
9.42000e-04 -6.40403e-01
9.43000e-04 -6.38230e-01
9.44000e-04 -6.36067e-01
9.45000e-04 -6.33916e-01
9.46000e-04 -6.31775e-01
9.47000e-04 -6.29646e-01
9.48000e-04 -6.27527e-01
9.49000e-04 -6.25420e-01
9.50000e-04 -6.23323e-01
9.51000e-04 -6.21236e-01
9.52000e-04 -6.19161e-01
9.53000e-04 -6.17096e-01
9.54000e-04 -6.15041e-01
9.55000e-04 -6.12996e-01
9.56000e-04 -6.10963e-01
9.57000e-04 -6.08939e-01
9.58000e-04 -6.06925e-01
9.59000e-04 -6.04922e-01
9.60000e-04 -6.02929e-01
9.61000e-04 -6.00945e-01
9.62000e-04 -5.98972e-01
9.63000e-04 -5.97009e-01
9.64000e-04 -5.95055e-01
9.65000e-04 -5.93111e-01
9.66000e-04 -5.91177e-01
9.67000e-04 -5.89253e-01
9.68000e-04 -5.87338e-01
9.69000e-04 -5.85433e-01
9.70000e-04 -5.83537e-01
9.71000e-04 -5.81650e-01
9.72000e-04 -5.79773e-01
9.73000e-04 -5.77905e-01
9.74000e-04 -5.76047e-01
9.75000e-04 -5.74197e-01
9.76000e-04 -5.72357e-01
9.77000e-04 -5.70526e-01
9.78000e-04 -5.68704e-01
9.79000e-04 -5.66891e-01
9.80000e-04 -5.65086e-01
9.81000e-04 -5.63291e-01
9.82000e-04 -5.61504e-01
9.83000e-04 -5.59726e-01
9.84000e-04 -5.57957e-01
9.85000e-04 -5.56197e-01
9.86000e-04 -5.54445e-01
9.87000e-04 -5.52701e-01
9.88000e-04 -5.50966e-01
9.89000e-04 -5.49240e-01
9.90000e-04 -5.47522e-01
9.91000e-04 -5.45812e-01
9.92000e-04 -5.44111e-01
9.93000e-04 -5.42417e-01
9.94000e-04 -5.40732e-01
9.95000e-04 -5.39056e-01
9.96000e-04 -5.37387e-01
9.97000e-04 -5.35726e-01
9.98000e-04 -5.34073e-01
9.99000e-04 -5.32429e-01
1.00000e-03 -5.30792e-01
1.00100e-03 -5.29163e-01
1.00200e-03 -5.27542e-01
1.00300e-03 -5.25928e-01
1.00400e-03 -5.24323e-01
1.00500e-03 -5.22725e-01
1.00600e-03 -5.21134e-01
1.00700e-03 -5.19551e-01
1.00800e-03 -5.17976e-01
1.00900e-03 -5.16408e-01
1.01000e-03 -5.14848e-01
1.01100e-03 -5.13295e-01
1.01200e-03 -5.11750e-01
1.01300e-03 -5.10212e-01
1.01400e-03 -5.08681e-01
1.01500e-03 -5.07158e-01
1.01600e-03 -5.05641e-01
1.01700e-03 -5.04132e-01
1.01800e-03 -5.02630e-01
1.01900e-03 -5.01135e-01
1.02000e-03 -1.00000e+00
1.02100e-03 -1.00000e+00
1.02200e-03 -1.00000e+00
1.02300e-03 -1.00000e+00
1.02400e-03 -1.00000e+00
1.02500e-03 -1.00000e+00
1.02600e-03 -1.00000e+00
1.02700e-03 -1.00000e+00
1.02800e-03 -1.00000e+00
1.02900e-03 -1.00000e+00
1.03000e-03 -1.00000e+00
1.03100e-03 -1.00000e+00
1.03200e-03 -1.00000e+00
1.03300e-03 -1.00000e+00
1.03400e-03 -1.00000e+00
1.03500e-03 -1.00000e+00
1.03600e-03 -1.00000e+00
1.03700e-03 -1.00000e+00
1.03800e-03 -1.00000e+00
1.03900e-03 -1.00000e+00
1.04000e-03 -1.00000e+00
1.04100e-03 -1.00000e+00
1.04200e-03 -1.00000e+00
1.04300e-03 -1.00000e+00
1.04400e-03 -1.00000e+00
1.04500e-03 -1.00000e+00
1.04600e-03 -1.00000e+00
1.04700e-03 -1.00000e+00
1.04800e-03 -1.00000e+00
1.04900e-03 -1.00000e+00
1.05000e-03 -1.00000e+00
1.05100e-03 -1.00000e+00
1.05200e-03 -1.00000e+00
1.05300e-03 -1.00000e+00
1.05400e-03 -1.00000e+00
1.05500e-03 -1.00000e+00
1.05600e-03 -1.00000e+00
1.05700e-03 -1.00000e+00
1.05800e-03 -1.00000e+00
1.05900e-03 -1.00000e+00
1.06000e-03 -1.00000e+00
1.06100e-03 -1.00000e+00
1.06200e-03 -1.00000e+00
1.06300e-03 -1.00000e+00
1.06400e-03 -1.00000e+00
1.06500e-03 -1.00000e+00
1.06600e-03 -1.00000e+00
1.06700e-03 -1.00000e+00
1.06800e-03 -1.00000e+00
1.06900e-03 -1.00000e+00
1.07000e-03 -1.00000e+00
1.07100e-03 -1.00000e+00
1.07200e-03 -1.00000e+00
1.07300e-03 -1.00000e+00
1.07400e-03 -1.00000e+00
1.07500e-03 -1.00000e+00
1.07600e-03 -1.00000e+00
1.07700e-03 -1.00000e+00
1.07800e-03 -1.00000e+00
1.07900e-03 -1.00000e+00
1.08000e-03 -1.00000e+00
1.08100e-03 -1.00000e+00
1.08200e-03 -1.00000e+00
1.08300e-03 -1.00000e+00
1.08400e-03 -1.00000e+00
1.08500e-03 -1.00000e+00
1.08600e-03 -1.00000e+00
1.08700e-03 -1.00000e+00
1.08800e-03 -1.00000e+00
1.08900e-03 -1.00000e+00
1.09000e-03 -1.00000e+00
1.09100e-03 -1.00000e+00
1.09200e-03 -1.00000e+00
1.09300e-03 -1.00000e+00
1.09400e-03 -1.00000e+00
1.09500e-03 -1.00000e+00
1.09600e-03 -1.00000e+00
1.09700e-03 -1.00000e+00
1.09800e-03 -1.00000e+00
1.09900e-03 -1.00000e+00
1.10000e-03 -1.00000e+00
1.10100e-03 -1.00000e+00
1.10200e-03 -1.00000e+00
1.10300e-03 -1.00000e+00
1.10400e-03 -1.00000e+00
1.10500e-03 -1.00000e+00
1.10600e-03 -1.00000e+00
1.10700e-03 -1.00000e+00
1.10800e-03 -1.00000e+00
1.10900e-03 -1.00000e+00
1.11000e-03 -1.00000e+00
1.11100e-03 -1.00000e+00
1.11200e-03 -1.00000e+00
1.11300e-03 -1.00000e+00
1.11400e-03 -1.00000e+00
1.11500e-03 -1.00000e+00
1.11600e-03 -1.00000e+00
1.11700e-03 -1.00000e+00
1.11800e-03 -1.00000e+00
1.11900e-03 -1.00000e+00
1.12000e-03 -1.00000e+00
1.12100e-03 -1.00000e+00
1.12200e-03 5.00000e-02
