0.00000e+00 -5.00000e-02
1.00000e-06 -4.57955e+00
2.00000e-06 -4.58320e+00
3.00000e-06 -4.53189e+00
4.00000e-06 -4.47770e+00
5.00000e-06 -4.42372e+00
6.00000e-06 -4.37011e+00
7.00000e-06 -4.31689e+00
8.00000e-06 -4.26409e+00
9.00000e-06 -4.21178e+00
1.00000e-05 -4.16002e+00
1.10000e-05 -4.10887e+00
1.20000e-05 -4.05838e+00
1.30000e-05 -4.00860e+00
1.40000e-05 -3.95958e+00
1.50000e-05 -3.91135e+00
1.60000e-05 -3.86394e+00
1.70000e-05 -3.81737e+00
1.80000e-05 -3.77165e+00
1.90000e-05 -3.72679e+00
2.00000e-05 -3.68279e+00
2.10000e-05 -3.63966e+00
2.20000e-05 -3.59739e+00
2.30000e-05 -3.55596e+00
2.40000e-05 -3.51538e+00
2.50000e-05 -3.47563e+00
2.60000e-05 -3.43669e+00
2.70000e-05 -3.39856e+00
2.80000e-05 -3.36121e+00
2.90000e-05 -3.32462e+00
3.00000e-05 -3.28879e+00
3.10000e-05 -3.25369e+00
3.20000e-05 -3.21931e+00
3.30000e-05 -3.18562e+00
3.40000e-05 -3.15261e+00
3.50000e-05 -3.12026e+00
3.60000e-05 -3.08855e+00
3.70000e-05 -3.05747e+00
3.80000e-05 -3.02700e+00
3.90000e-05 -2.99712e+00
4.00000e-05 -2.96782e+00
4.10000e-05 -2.93907e+00
4.20000e-05 -2.91087e+00
4.30000e-05 -2.88320e+00
4.40000e-05 -2.85604e+00
4.50000e-05 -2.82938e+00
4.60000e-05 -2.80320e+00
4.70000e-05 -2.77750e+00
4.80000e-05 -2.75226e+00
4.90000e-05 -2.72746e+00
5.00000e-05 -2.70310e+00
5.10000e-05 -2.67916e+00
5.20000e-05 -2.65564e+00
5.30000e-05 -2.63251e+00
5.40000e-05 -2.60977e+00
5.50000e-05 -2.58741e+00
5.60000e-05 -2.56542e+00
5.70000e-05 -2.54379e+00
5.80000e-05 -2.52251e+00
5.90000e-05 -2.50158e+00
6.00000e-05 -2.48097e+00
6.10000e-05 -2.46069e+00
6.20000e-05 -2.44072e+00
6.30000e-05 -2.42106e+00
6.40000e-05 -2.40171e+00
6.50000e-05 -2.38264e+00
6.60000e-05 -2.36386e+00
6.70000e-05 -2.34536e+00
6.80000e-05 -2.32713e+00
6.90000e-05 -2.30917e+00
7.00000e-05 -2.29147e+00
7.10000e-05 -2.27402e+00
7.20000e-05 -2.25682e+00
7.30000e-05 -2.23986e+00
7.40000e-05 -2.22314e+00
7.50000e-05 -2.20665e+00
7.60000e-05 -2.19038e+00
7.70000e-05 -2.17434e+00
7.80000e-05 -2.15851e+00
7.90000e-05 -2.14289e+00
8.00000e-05 -2.12748e+00
8.10000e-05 -2.11227e+00
8.20000e-05 -2.09726e+00
8.30000e-05 -2.08245e+00
8.40000e-05 -2.06782e+00
8.50000e-05 -2.05338e+00
8.60000e-05 -2.03912e+00
8.70000e-05 -2.02505e+00
8.80000e-05 -2.01114e+00
8.90000e-05 -1.99741e+00
9.00000e-05 -1.98384e+00
9.10000e-05 -1.97044e+00
9.20000e-05 -1.95720e+00
9.30000e-05 -1.94412e+00
9.40000e-05 -1.93119e+00
9.50000e-05 -1.91842e+00
9.60000e-05 -1.90579e+00
9.70000e-05 -1.89332e+00
9.80000e-05 -1.88098e+00
9.90000e-05 -1.86879e+00
1.00000e-04 -1.85673e+00
1.01000e-04 -1.84482e+00
1.02000e-04 -1.83303e+00
1.03000e-04 -1.82138e+00
1.04000e-04 -1.80985e+00
1.05000e-04 -1.79845e+00
1.06000e-04 -1.78718e+00
1.07000e-04 -1.77603e+00
1.08000e-04 -1.76499e+00
1.09000e-04 -1.75408e+00
1.10000e-04 -1.74328e+00
1.11000e-04 -1.73260e+00
1.12000e-04 -1.72203e+00
1.13000e-04 -1.71156e+00
1.14000e-04 -1.70121e+00
1.15000e-04 -1.69096e+00
1.16000e-04 -1.68082e+00
1.17000e-04 -1.67078e+00
1.18000e-04 -1.66085e+00
1.19000e-04 -1.65101e+00
1.20000e-04 -1.64127e+00
1.21000e-04 -1.63163e+00
1.22000e-04 -1.62208e+00
1.23000e-04 -1.61263e+00
1.24000e-04 -1.60327e+00
1.25000e-04 -1.59400e+00
1.26000e-04 -1.58482e+00
1.27000e-04 -1.57573e+00
1.28000e-04 -1.56672e+00
1.29000e-04 -1.55780e+00
1.30000e-04 -1.54897e+00
1.31000e-04 -1.54022e+00
1.32000e-04 -1.53155e+00
1.33000e-04 -1.52296e+00
1.34000e-04 -1.51445e+00
1.35000e-04 -1.50601e+00
1.36000e-04 -1.49766e+00
1.37000e-04 -1.48938e+00
1.38000e-04 -1.48118e+00
1.39000e-04 -1.47305e+00
1.40000e-04 -1.46499e+00
1.41000e-04 -1.45701e+00
1.42000e-04 -1.44909e+00
1.43000e-04 -1.44125e+00
1.44000e-04 -1.43348e+00
1.45000e-04 -1.42577e+00
1.46000e-04 -1.41813e+00
1.47000e-04 -1.41056e+00
1.48000e-04 -1.40305e+00
1.49000e-04 -1.39561e+00
1.50000e-04 -1.38823e+00
1.51000e-04 -1.38091e+00
1.52000e-04 -1.37366e+00
1.53000e-04 -1.36646e+00
1.54000e-04 -1.35933e+00
1.55000e-04 -1.35226e+00
1.56000e-04 -1.34524e+00
1.57000e-04 -1.33829e+00
1.58000e-04 -1.33139e+00
1.59000e-04 -1.32455e+00
1.60000e-04 -1.31776e+00
1.61000e-04 -1.31103e+00
1.62000e-04 -1.30435e+00
1.63000e-04 -1.29773e+00
1.64000e-04 -1.29116e+00
1.65000e-04 -1.28465e+00
1.66000e-04 -1.27819e+00
1.67000e-04 -1.27177e+00
1.68000e-04 -1.26541e+00
1.69000e-04 -1.25910e+00
1.70000e-04 -1.25284e+00
1.71000e-04 -1.24663e+00
1.72000e-04 -1.24046e+00
1.73000e-04 -1.23435e+00
1.74000e-04 -1.22828e+00
1.75000e-04 -1.22226e+00
1.76000e-04 -1.21628e+00
1.77000e-04 -1.21035e+00
1.78000e-04 -1.20446e+00
1.79000e-04 -1.19862e+00
1.80000e-04 -1.19283e+00
1.81000e-04 -1.18708e+00
1.82000e-04 -1.18137e+00
1.83000e-04 -1.17570e+00
1.84000e-04 -1.17008e+00
1.85000e-04 -1.16450e+00
1.86000e-04 -1.15896e+00
1.87000e-04 -1.15346e+00
1.88000e-04 -1.14800e+00
1.89000e-04 -1.14258e+00
1.90000e-04 -1.13720e+00
1.91000e-04 -1.13186e+00
1.92000e-04 -1.12656e+00
1.93000e-04 -1.12129e+00
1.94000e-04 -1.11607e+00
1.95000e-04 -1.11088e+00
1.96000e-04 -1.10573e+00
1.97000e-04 -1.10061e+00
1.98000e-04 -1.09554e+00
1.99000e-04 -1.09050e+00
2.00000e-04 -1.08549e+00
2.01000e-04 -1.08052e+00
2.02000e-04 -1.07558e+00
2.03000e-04 -1.07068e+00
2.04000e-04 -1.06582e+00
2.05000e-04 -1.06098e+00
2.06000e-04 -1.05618e+00
2.07000e-04 -1.05142e+00
2.08000e-04 -1.04668e+00
2.09000e-04 -1.04198e+00
2.10000e-04 -1.03732e+00
2.11000e-04 -1.03268e+00
2.12000e-04 -1.02807e+00
2.13000e-04 -1.02350e+00
2.14000e-04 -1.01896e+00
2.15000e-04 -1.01445e+00
2.16000e-04 -1.00997e+00
2.17000e-04 -1.00551e+00
2.18000e-04 -1.00109e+00
2.19000e-04 -9.96701e-01
2.20000e-04 -9.92338e-01
2.21000e-04 -9.88005e-01
2.22000e-04 -9.83700e-01
2.23000e-04 -9.79424e-01
2.24000e-04 -9.75175e-01
2.25000e-04 -9.70955e-01
2.26000e-04 -9.66763e-01
2.27000e-04 -9.62597e-01
2.28000e-04 -9.58459e-01
2.29000e-04 -9.54348e-01
2.30000e-04 -9.50264e-01
2.31000e-04 -9.46206e-01
2.32000e-04 -9.42174e-01
2.33000e-04 -9.38168e-01
2.34000e-04 -9.34188e-01
2.35000e-04 -9.30234e-01
2.36000e-04 -9.26305e-01
2.37000e-04 -9.22400e-01
2.38000e-04 -9.18521e-01
2.39000e-04 -9.14666e-01
2.40000e-04 -9.10836e-01
2.41000e-04 -9.07029e-01
2.42000e-04 -9.03247e-01
2.43000e-04 -8.99489e-01
2.44000e-04 -8.95754e-01
2.45000e-04 -8.92042e-01
2.46000e-04 -8.88354e-01
2.47000e-04 -8.84688e-01
2.48000e-04 -8.81045e-01
2.49000e-04 -8.77425e-01
2.50000e-04 -8.73827e-01
2.51000e-04 -8.70252e-01
2.52000e-04 -8.66698e-01
2.53000e-04 -8.63166e-01
2.54000e-04 -8.59656e-01
2.55000e-04 -8.56167e-01
2.56000e-04 -8.52700e-01
2.57000e-04 -8.49254e-01
2.58000e-04 -8.45828e-01
2.59000e-04 -8.42423e-01
2.60000e-04 -8.39039e-01
2.61000e-04 -8.35676e-01
2.62000e-04 -8.32332e-01
2.63000e-04 -8.29009e-01
2.64000e-04 -8.25705e-01
2.65000e-04 -8.22422e-01
2.66000e-04 -8.19157e-01
2.67000e-04 -8.15913e-01
2.68000e-04 -8.12687e-01
2.69000e-04 -8.09481e-01
2.70000e-04 -8.06294e-01
2.71000e-04 -8.03125e-01
2.72000e-04 -7.99976e-01
2.73000e-04 -7.96844e-01
2.74000e-04 -7.93731e-01
2.75000e-04 -7.90637e-01
2.76000e-04 -7.87560e-01
2.77000e-04 -7.84502e-01
2.78000e-04 -7.81461e-01
2.79000e-04 -7.78438e-01
2.80000e-04 -7.75432e-01
2.81000e-04 -7.72444e-01
2.82000e-04 -7.69473e-01
2.83000e-04 -7.66520e-01
2.84000e-04 -7.63583e-01
2.85000e-04 -7.60663e-01
2.86000e-04 -7.57760e-01
2.87000e-04 -7.54874e-01
2.88000e-04 -7.52004e-01
2.89000e-04 -7.49150e-01
2.90000e-04 -7.46313e-01
2.91000e-04 -7.43492e-01
2.92000e-04 -7.40686e-01
2.93000e-04 -7.37897e-01
2.94000e-04 -7.35124e-01
2.95000e-04 -7.32366e-01
2.96000e-04 -7.29623e-01
2.97000e-04 -7.26897e-01
2.98000e-04 -7.24185e-01
2.99000e-04 -7.21489e-01
3.00000e-04 -7.18807e-01
3.01000e-04 -7.16141e-01
3.02000e-04 -7.13490e-01
3.03000e-04 -7.10853e-01
3.04000e-04 -7.08231e-01
3.05000e-04 -7.05624e-01
3.06000e-04 -7.03030e-01
3.07000e-04 -7.00452e-01
3.08000e-04 -6.97887e-01
3.09000e-04 -6.95337e-01
3.10000e-04 -6.92801e-01
3.11000e-04 -6.90279e-01
3.12000e-04 -6.87770e-01
3.13000e-04 -6.85275e-01
3.14000e-04 -6.82794e-01
3.15000e-04 -6.80327e-01
3.16000e-04 -6.77873e-01
3.17000e-04 -6.75432e-01
3.18000e-04 -6.73004e-01
3.19000e-04 -6.70590e-01
3.20000e-04 -6.68189e-01
3.21000e-04 -6.65801e-01
3.22000e-04 -6.63425e-01
3.23000e-04 -6.61063e-01
3.24000e-04 -6.58713e-01
3.25000e-04 -6.56376e-01
3.26000e-04 -6.54051e-01
3.27000e-04 -6.51739e-01
3.28000e-04 -6.49439e-01
3.29000e-04 -6.47152e-01
3.30000e-04 -6.44876e-01
3.31000e-04 -6.42613e-01
3.32000e-04 -6.40362e-01
3.33000e-04 -6.38123e-01
3.34000e-04 -6.35896e-01
3.35000e-04 -6.33680e-01
3.36000e-04 -6.31477e-01
3.37000e-04 -6.29285e-01
3.38000e-04 -6.27104e-01
3.39000e-04 -6.24935e-01
3.40000e-04 -6.22777e-01
3.41000e-04 -6.20631e-01
3.42000e-04 -6.18496e-01
3.43000e-04 -6.16372e-01
3.44000e-04 -6.14260e-01
3.45000e-04 -6.12158e-01
3.46000e-04 -6.10067e-01
3.47000e-04 -6.07988e-01
3.48000e-04 -6.05919e-01
3.49000e-04 -6.03860e-01
3.50000e-04 -6.01813e-01
3.51000e-04 -5.99776e-01
3.52000e-04 -5.97750e-01
3.53000e-04 -5.95734e-01
3.54000e-04 -5.93728e-01
3.55000e-04 -5.91733e-01
3.56000e-04 -5.89748e-01
3.57000e-04 -5.87774e-01
3.58000e-04 -5.85809e-01
3.59000e-04 -5.83855e-01
3.60000e-04 -5.81911e-01
3.61000e-04 -5.79976e-01
3.62000e-04 -5.78052e-01
3.63000e-04 -5.76137e-01
3.64000e-04 -5.74232e-01
3.65000e-04 -5.72337e-01
3.66000e-04 -5.70451e-01
3.67000e-04 -5.68576e-01
3.68000e-04 -5.66709e-01
3.69000e-04 -5.64852e-01
3.70000e-04 -5.63005e-01
3.71000e-04 -5.61166e-01
3.72000e-04 -5.59337e-01
3.73000e-04 -5.57518e-01
3.74000e-04 -5.55707e-01
3.75000e-04 -5.53906e-01
3.76000e-04 -5.52113e-01
3.77000e-04 -5.50330e-01
3.78000e-04 -5.48556e-01
3.79000e-04 -5.46790e-01
3.80000e-04 -5.45034e-01
3.81000e-04 -5.43286e-01
3.82000e-04 -5.41547e-01
3.83000e-04 -5.39816e-01
3.84000e-04 -5.38094e-01
3.85000e-04 -5.36381e-01
3.86000e-04 -5.34676e-01
3.87000e-04 -5.32980e-01
3.88000e-04 -5.31292e-01
3.89000e-04 -5.29613e-01
3.90000e-04 -5.27942e-01
3.91000e-04 -5.26279e-01
3.92000e-04 -5.24624e-01
3.93000e-04 -5.22978e-01
3.94000e-04 -5.21339e-01
3.95000e-04 -5.19709e-01
3.96000e-04 -5.18087e-01
3.97000e-04 -5.16472e-01
3.98000e-04 -5.14866e-01
3.99000e-04 -5.13268e-01
4.00000e-04 -5.11677e-01
4.01000e-04 -5.10094e-01
4.02000e-04 -5.08519e-01
4.03000e-04 -5.06952e-01
4.04000e-04 -5.05392e-01
4.05000e-04 -5.03840e-01
4.06000e-04 -5.02295e-01
4.07000e-04 -5.00758e-01
4.08000e-04 -1.00000e+00
4.09000e-04 -1.00000e+00
4.10000e-04 -1.00000e+00
4.11000e-04 -1.00000e+00
4.12000e-04 -1.00000e+00
4.13000e-04 -1.00000e+00
4.14000e-04 -1.00000e+00
4.15000e-04 -1.00000e+00
4.16000e-04 -1.00000e+00
4.17000e-04 -1.00000e+00
4.18000e-04 -1.00000e+00
4.19000e-04 -1.00000e+00
4.20000e-04 -1.00000e+00
4.21000e-04 -1.00000e+00
4.22000e-04 -1.00000e+00
4.23000e-04 -1.00000e+00
4.24000e-04 -1.00000e+00
4.25000e-04 -1.00000e+00
4.26000e-04 -1.00000e+00
4.27000e-04 -1.00000e+00
4.28000e-04 -1.00000e+00
4.29000e-04 -1.00000e+00
4.30000e-04 -1.00000e+00
4.31000e-04 -1.00000e+00
4.32000e-04 -1.00000e+00
4.33000e-04 -1.00000e+00
4.34000e-04 -1.00000e+00
4.35000e-04 -1.00000e+00
4.36000e-04 -1.00000e+00
4.37000e-04 -1.00000e+00
4.38000e-04 -1.00000e+00
4.39000e-04 -1.00000e+00
4.40000e-04 -1.00000e+00
4.41000e-04 -1.00000e+00
4.42000e-04 -1.00000e+00
4.43000e-04 -1.00000e+00
4.44000e-04 -1.00000e+00
4.45000e-04 -1.00000e+00
4.46000e-04 -1.00000e+00
4.47000e-04 -1.00000e+00
4.48000e-04 -1.00000e+00
4.49000e-04 -1.00000e+00
4.50000e-04 -1.00000e+00
4.51000e-04 -1.00000e+00
4.52000e-04 -1.00000e+00
4.53000e-04 -1.00000e+00
4.54000e-04 -1.00000e+00
4.55000e-04 -1.00000e+00
4.56000e-04 -1.00000e+00
4.57000e-04 -1.00000e+00
4.58000e-04 -1.00000e+00
4.59000e-04 -1.00000e+00
4.60000e-04 -1.00000e+00
4.61000e-04 -1.00000e+00
4.62000e-04 -1.00000e+00
4.63000e-04 -1.00000e+00
4.64000e-04 -1.00000e+00
4.65000e-04 -1.00000e+00
4.66000e-04 -1.00000e+00
4.67000e-04 -1.00000e+00
4.68000e-04 -1.00000e+00
4.69000e-04 -1.00000e+00
4.70000e-04 -1.00000e+00
4.71000e-04 -1.00000e+00
4.72000e-04 -1.00000e+00
4.73000e-04 -1.00000e+00
4.74000e-04 -1.00000e+00
4.75000e-04 -1.00000e+00
4.76000e-04 -1.00000e+00
4.77000e-04 -1.00000e+00
4.78000e-04 -1.00000e+00
4.79000e-04 -1.00000e+00
4.80000e-04 -1.00000e+00
4.81000e-04 -1.00000e+00
4.82000e-04 -1.00000e+00
4.83000e-04 -1.00000e+00
4.84000e-04 -1.00000e+00
4.85000e-04 -1.00000e+00
4.86000e-04 -1.00000e+00
4.87000e-04 -1.00000e+00
4.88000e-04 -1.00000e+00
4.89000e-04 -1.00000e+00
4.90000e-04 -1.00000e+00
4.91000e-04 -1.00000e+00
4.92000e-04 -1.00000e+00
4.93000e-04 -1.00000e+00
4.94000e-04 -1.00000e+00
4.95000e-04 -1.00000e+00
4.96000e-04 -1.00000e+00
4.97000e-04 -1.00000e+00
4.98000e-04 -1.00000e+00
4.99000e-04 -1.00000e+00
5.00000e-04 -1.00000e+00
5.01000e-04 -1.00000e+00
5.02000e-04 -1.00000e+00
5.03000e-04 -1.00000e+00
5.04000e-04 -1.00000e+00
5.05000e-04 -1.00000e+00
5.06000e-04 -1.00000e+00
5.07000e-04 5.00000e-02
