0.00000e+00 -5.00000e-02
1.00000e-06 -4.50735e+00
2.00000e-06 -4.51150e+00
3.00000e-06 -4.45609e+00
4.00000e-06 -4.39771e+00
5.00000e-06 -4.34003e+00
6.00000e-06 -4.28324e+00
7.00000e-06 -4.22731e+00
8.00000e-06 -4.17226e+00
9.00000e-06 -4.11811e+00
1.00000e-05 -4.06488e+00
1.10000e-05 -4.01259e+00
1.20000e-05 -3.96127e+00
1.30000e-05 -3.91093e+00
1.40000e-05 -3.86159e+00
1.50000e-05 -3.81325e+00
1.60000e-05 -3.76590e+00
1.70000e-05 -3.71956e+00
1.80000e-05 -3.67420e+00
1.90000e-05 -3.62983e+00
2.00000e-05 -3.58641e+00
2.10000e-05 -3.54395e+00
2.20000e-05 -3.50241e+00
2.30000e-05 -3.46179e+00
2.40000e-05 -3.42206e+00
2.50000e-05 -3.38319e+00
2.60000e-05 -3.34518e+00
2.70000e-05 -3.30799e+00
2.80000e-05 -3.27160e+00
2.90000e-05 -3.23600e+00
3.00000e-05 -3.20115e+00
3.10000e-05 -3.16705e+00
3.20000e-05 -3.13366e+00
3.30000e-05 -3.10096e+00
3.40000e-05 -3.06894e+00
3.50000e-05 -3.03757e+00
3.60000e-05 -3.00684e+00
3.70000e-05 -2.97673e+00
3.80000e-05 -2.94722e+00
3.90000e-05 -2.91828e+00
4.00000e-05 -2.88991e+00
4.10000e-05 -2.86209e+00
4.20000e-05 -2.83480e+00
4.30000e-05 -2.80802e+00
4.40000e-05 -2.78174e+00
4.50000e-05 -2.75595e+00
4.60000e-05 -2.73062e+00
4.70000e-05 -2.70576e+00
4.80000e-05 -2.68134e+00
4.90000e-05 -2.65736e+00
5.00000e-05 -2.63379e+00
5.10000e-05 -2.61063e+00
5.20000e-05 -2.58787e+00
5.30000e-05 -2.56550e+00
5.40000e-05 -2.54350e+00
5.50000e-05 -2.52187e+00
5.60000e-05 -2.50059e+00
5.70000e-05 -2.47966e+00
5.80000e-05 -2.45907e+00
5.90000e-05 -2.43880e+00
6.00000e-05 -2.41886e+00
6.10000e-05 -2.39923e+00
6.20000e-05 -2.37990e+00
6.30000e-05 -2.36087e+00
6.40000e-05 -2.34212e+00
6.50000e-05 -2.32366e+00
6.60000e-05 -2.30548e+00
6.70000e-05 -2.28756e+00
6.80000e-05 -2.26990e+00
6.90000e-05 -2.25250e+00
7.00000e-05 -2.23535e+00
7.10000e-05 -2.21844e+00
7.20000e-05 -2.20177e+00
7.30000e-05 -2.18534e+00
7.40000e-05 -2.16913e+00
7.50000e-05 -2.15314e+00
7.60000e-05 -2.13737e+00
7.70000e-05 -2.12182e+00
7.80000e-05 -2.10647e+00
7.90000e-05 -2.09132e+00
8.00000e-05 -2.07638e+00
8.10000e-05 -2.06162e+00
8.20000e-05 -2.04706e+00
8.30000e-05 -2.03269e+00
8.40000e-05 -2.01850e+00
8.50000e-05 -2.00448e+00
8.60000e-05 -1.99065e+00
8.70000e-05 -1.97698e+00
8.80000e-05 -1.96348e+00
8.90000e-05 -1.95015e+00
9.00000e-05 -1.93698e+00
9.10000e-05 -1.92396e+00
9.20000e-05 -1.91111e+00
9.30000e-05 -1.89840e+00
9.40000e-05 -1.88585e+00
9.50000e-05 -1.87344e+00
9.60000e-05 -1.86117e+00
9.70000e-05 -1.84905e+00
9.80000e-05 -1.83706e+00
9.90000e-05 -1.82522e+00
1.00000e-04 -1.81350e+00
1.01000e-04 -1.80192e+00
1.02000e-04 -1.79046e+00
1.03000e-04 -1.77913e+00
1.04000e-04 -1.76793e+00
1.05000e-04 -1.75684e+00
1.06000e-04 -1.74588e+00
1.07000e-04 -1.73503e+00
1.08000e-04 -1.72431e+00
1.09000e-04 -1.71369e+00
1.10000e-04 -1.70319e+00
1.11000e-04 -1.69279e+00
1.12000e-04 -1.68251e+00
1.13000e-04 -1.67233e+00
1.14000e-04 -1.66226e+00
1.15000e-04 -1.65229e+00
1.16000e-04 -1.64242e+00
1.17000e-04 -1.63265e+00
1.18000e-04 -1.62297e+00
1.19000e-04 -1.61340e+00
1.20000e-04 -1.60392e+00
1.21000e-04 -1.59453e+00
1.22000e-04 -1.58524e+00
1.23000e-04 -1.57603e+00
1.24000e-04 -1.56692e+00
1.25000e-04 -1.55789e+00
1.26000e-04 -1.54895e+00
1.27000e-04 -1.54010e+00
1.28000e-04 -1.53133e+00
1.29000e-04 -1.52264e+00
1.30000e-04 -1.51403e+00
1.31000e-04 -1.50551e+00
1.32000e-04 -1.49706e+00
1.33000e-04 -1.48869e+00
1.34000e-04 -1.48040e+00
1.35000e-04 -1.47218e+00
1.36000e-04 -1.46404e+00
1.37000e-04 -1.45598e+00
1.38000e-04 -1.44798e+00
1.39000e-04 -1.44006e+00
1.40000e-04 -1.43221e+00
1.41000e-04 -1.42442e+00
1.42000e-04 -1.41671e+00
1.43000e-04 -1.40906e+00
1.44000e-04 -1.40149e+00
1.45000e-04 -1.39397e+00
1.46000e-04 -1.38652e+00
1.47000e-04 -1.37914e+00
1.48000e-04 -1.37182e+00
1.49000e-04 -1.36456e+00
1.50000e-04 -1.35737e+00
1.51000e-04 -1.35023e+00
1.52000e-04 -1.34316e+00
1.53000e-04 -1.33614e+00
1.54000e-04 -1.32919e+00
1.55000e-04 -1.32229e+00
1.56000e-04 -1.31544e+00
1.57000e-04 -1.30866e+00
1.58000e-04 -1.30193e+00
1.59000e-04 -1.29526e+00
1.60000e-04 -1.28864e+00
1.61000e-04 -1.28207e+00
1.62000e-04 -1.27556e+00
1.63000e-04 -1.26910e+00
1.64000e-04 -1.26269e+00
1.65000e-04 -1.25633e+00
1.66000e-04 -1.25002e+00
1.67000e-04 -1.24377e+00
1.68000e-04 -1.23756e+00
1.69000e-04 -1.23140e+00
1.70000e-04 -1.22529e+00
1.71000e-04 -1.21923e+00
1.72000e-04 -1.21321e+00
1.73000e-04 -1.20724e+00
1.74000e-04 -1.20132e+00
1.75000e-04 -1.19544e+00
1.76000e-04 -1.18961e+00
1.77000e-04 -1.18382e+00
1.78000e-04 -1.17807e+00
1.79000e-04 -1.17237e+00
1.80000e-04 -1.16671e+00
1.81000e-04 -1.16110e+00
1.82000e-04 -1.15552e+00
1.83000e-04 -1.14999e+00
1.84000e-04 -1.14450e+00
1.85000e-04 -1.13905e+00
1.86000e-04 -1.13364e+00
1.87000e-04 -1.12827e+00
1.88000e-04 -1.12294e+00
1.89000e-04 -1.11765e+00
1.90000e-04 -1.11240e+00
1.91000e-04 -1.10718e+00
1.92000e-04 -1.10200e+00
1.93000e-04 -1.09686e+00
1.94000e-04 -1.09176e+00
1.95000e-04 -1.08670e+00
1.96000e-04 -1.08167e+00
1.97000e-04 -1.07667e+00
1.98000e-04 -1.07171e+00
1.99000e-04 -1.06679e+00
2.00000e-04 -1.06190e+00
2.01000e-04 -1.05704e+00
2.02000e-04 -1.05222e+00
2.03000e-04 -1.04744e+00
2.04000e-04 -1.04268e+00
2.05000e-04 -1.03796e+00
2.06000e-04 -1.03327e+00
2.07000e-04 -1.02862e+00
2.08000e-04 -1.02399e+00
2.09000e-04 -1.01940e+00
2.10000e-04 -1.01484e+00
2.11000e-04 -1.01031e+00
2.12000e-04 -1.00581e+00
2.13000e-04 -1.00135e+00
2.14000e-04 -9.96909e-01
2.15000e-04 -9.92501e-01
2.16000e-04 -9.88123e-01
2.17000e-04 -9.83774e-01
2.18000e-04 -9.79454e-01
2.19000e-04 -9.75163e-01
2.20000e-04 -9.70901e-01
2.21000e-04 -9.66667e-01
2.22000e-04 -9.62461e-01
2.23000e-04 -9.58282e-01
2.24000e-04 -9.54131e-01
2.25000e-04 -9.50008e-01
2.26000e-04 -9.45911e-01
2.27000e-04 -9.41841e-01
2.28000e-04 -9.37798e-01
2.29000e-04 -9.33781e-01
2.30000e-04 -9.29790e-01
2.31000e-04 -9.25825e-01
2.32000e-04 -9.21885e-01
2.33000e-04 -9.17971e-01
2.34000e-04 -9.14081e-01
2.35000e-04 -9.10217e-01
2.36000e-04 -9.06377e-01
2.37000e-04 -9.02562e-01
2.38000e-04 -8.98771e-01
2.39000e-04 -8.95004e-01
2.40000e-04 -8.91261e-01
2.41000e-04 -8.87541e-01
2.42000e-04 -8.83845e-01
2.43000e-04 -8.80172e-01
2.44000e-04 -8.76522e-01
2.45000e-04 -8.72894e-01
2.46000e-04 -8.69290e-01
2.47000e-04 -8.65707e-01
2.48000e-04 -8.62147e-01
2.49000e-04 -8.58609e-01
2.50000e-04 -8.55093e-01
2.51000e-04 -8.51599e-01
2.52000e-04 -8.48126e-01
2.53000e-04 -8.44674e-01
2.54000e-04 -8.41243e-01
2.55000e-04 -8.37834e-01
2.56000e-04 -8.34445e-01
2.57000e-04 -8.31077e-01
2.58000e-04 -8.27729e-01
2.59000e-04 -8.24401e-01
2.60000e-04 -8.21094e-01
2.61000e-04 -8.17806e-01
2.62000e-04 -8.14539e-01
2.63000e-04 -8.11290e-01
2.64000e-04 -8.08062e-01
2.65000e-04 -8.04852e-01
2.66000e-04 -8.01662e-01
2.67000e-04 -7.98491e-01
2.68000e-04 -7.95339e-01
2.69000e-04 -7.92205e-01
2.70000e-04 -7.89090e-01
2.71000e-04 -7.85993e-01
2.72000e-04 -7.82914e-01
2.73000e-04 -7.79854e-01
2.74000e-04 -7.76812e-01
2.75000e-04 -7.73787e-01
2.76000e-04 -7.70780e-01
2.77000e-04 -7.67791e-01
2.78000e-04 -7.64819e-01
2.79000e-04 -7.61864e-01
2.80000e-04 -7.58926e-01
2.81000e-04 -7.56006e-01
2.82000e-04 -7.53102e-01
2.83000e-04 -7.50215e-01
2.84000e-04 -7.47345e-01
2.85000e-04 -7.44491e-01
2.86000e-04 -7.41654e-01
2.87000e-04 -7.38833e-01
2.88000e-04 -7.36028e-01
2.89000e-04 -7.33239e-01
2.90000e-04 -7.30466e-01
2.91000e-04 -7.27708e-01
2.92000e-04 -7.24967e-01
2.93000e-04 -7.22241e-01
2.94000e-04 -7.19530e-01
2.95000e-04 -7.16835e-01
2.96000e-04 -7.14154e-01
2.97000e-04 -7.11489e-01
2.98000e-04 -7.08839e-01
2.99000e-04 -7.06204e-01
3.00000e-04 -7.03583e-01
3.01000e-04 -7.00978e-01
3.02000e-04 -6.98386e-01
3.03000e-04 -6.95809e-01
3.04000e-04 -6.93247e-01
3.05000e-04 -6.90699e-01
3.06000e-04 -6.88164e-01
3.07000e-04 -6.85644e-01
3.08000e-04 -6.83138e-01
3.09000e-04 -6.80646e-01
3.10000e-04 -6.78167e-01
3.11000e-04 -6.75702e-01
3.12000e-04 -6.73250e-01
3.13000e-04 -6.70812e-01
3.14000e-04 -6.68388e-01
3.15000e-04 -6.65976e-01
3.16000e-04 -6.63578e-01
3.17000e-04 -6.61193e-01
3.18000e-04 -6.58820e-01
3.19000e-04 -6.56461e-01
3.20000e-04 -6.54115e-01
3.21000e-04 -6.51781e-01
3.22000e-04 -6.49459e-01
3.23000e-04 -6.47151e-01
3.24000e-04 -6.44854e-01
3.25000e-04 -6.42571e-01
3.26000e-04 -6.40299e-01
3.27000e-04 -6.38040e-01
3.28000e-04 -6.35792e-01
3.29000e-04 -6.33557e-01
3.30000e-04 -6.31334e-01
3.31000e-04 -6.29122e-01
3.32000e-04 -6.26923e-01
3.33000e-04 -6.24735e-01
3.34000e-04 -6.22558e-01
3.35000e-04 -6.20393e-01
3.36000e-04 -6.18240e-01
3.37000e-04 -6.16098e-01
3.38000e-04 -6.13968e-01
3.39000e-04 -6.11848e-01
3.40000e-04 -6.09740e-01
3.41000e-04 -6.07643e-01
3.42000e-04 -6.05557e-01
3.43000e-04 -6.03482e-01
3.44000e-04 -6.01418e-01
3.45000e-04 -5.99364e-01
3.46000e-04 -5.97322e-01
3.47000e-04 -5.95290e-01
3.48000e-04 -5.93268e-01
3.49000e-04 -5.91257e-01
3.50000e-04 -5.89257e-01
3.51000e-04 -5.87267e-01
3.52000e-04 -5.85287e-01
3.53000e-04 -5.83318e-01
3.54000e-04 -5.81359e-01
3.55000e-04 -5.79410e-01
3.56000e-04 -5.77470e-01
3.57000e-04 -5.75541e-01
3.58000e-04 -5.73622e-01
3.59000e-04 -5.71713e-01
3.60000e-04 -5.69814e-01
3.61000e-04 -5.67924e-01
3.62000e-04 -5.66044e-01
3.63000e-04 -5.64174e-01
3.64000e-04 -5.62313e-01
3.65000e-04 -5.60462e-01
3.66000e-04 -5.58620e-01
3.67000e-04 -5.56787e-01
3.68000e-04 -5.54964e-01
3.69000e-04 -5.53150e-01
3.70000e-04 -5.51345e-01
3.71000e-04 -5.49550e-01
3.72000e-04 -5.47763e-01
3.73000e-04 -5.45986e-01
3.74000e-04 -5.44218e-01
3.75000e-04 -5.42458e-01
3.76000e-04 -5.40708e-01
3.77000e-04 -5.38966e-01
3.78000e-04 -5.37233e-01
3.79000e-04 -5.35508e-01
3.80000e-04 -5.33793e-01
3.81000e-04 -5.32086e-01
3.82000e-04 -5.30387e-01
3.83000e-04 -5.28697e-01
3.84000e-04 -5.27016e-01
3.85000e-04 -5.25342e-01
3.86000e-04 -5.23678e-01
3.87000e-04 -5.22021e-01
3.88000e-04 -5.20373e-01
3.89000e-04 -5.18733e-01
3.90000e-04 -5.17101e-01
3.91000e-04 -5.15477e-01
3.92000e-04 -5.13861e-01
3.93000e-04 -5.12253e-01
3.94000e-04 -5.10654e-01
3.95000e-04 -5.09062e-01
3.96000e-04 -5.07478e-01
3.97000e-04 -5.05901e-01
3.98000e-04 -5.04333e-01
3.99000e-04 -5.02772e-01
4.00000e-04 -5.01219e-01
4.01000e-04 -1.00000e+00
4.02000e-04 -1.00000e+00
4.03000e-04 -1.00000e+00
4.04000e-04 -1.00000e+00
4.05000e-04 -1.00000e+00
4.06000e-04 -1.00000e+00
4.07000e-04 -1.00000e+00
4.08000e-04 -1.00000e+00
4.09000e-04 -1.00000e+00
4.10000e-04 -1.00000e+00
4.11000e-04 -1.00000e+00
4.12000e-04 -1.00000e+00
4.13000e-04 -1.00000e+00
4.14000e-04 -1.00000e+00
4.15000e-04 -1.00000e+00
4.16000e-04 -1.00000e+00
4.17000e-04 -1.00000e+00
4.18000e-04 -1.00000e+00
4.19000e-04 -1.00000e+00
4.20000e-04 -1.00000e+00
4.21000e-04 -1.00000e+00
4.22000e-04 -1.00000e+00
4.23000e-04 -1.00000e+00
4.24000e-04 -1.00000e+00
4.25000e-04 -1.00000e+00
4.26000e-04 -1.00000e+00
4.27000e-04 -1.00000e+00
4.28000e-04 -1.00000e+00
4.29000e-04 -1.00000e+00
4.30000e-04 -1.00000e+00
4.31000e-04 -1.00000e+00
4.32000e-04 -1.00000e+00
4.33000e-04 -1.00000e+00
4.34000e-04 -1.00000e+00
4.35000e-04 -1.00000e+00
4.36000e-04 -1.00000e+00
4.37000e-04 -1.00000e+00
4.38000e-04 -1.00000e+00
4.39000e-04 -1.00000e+00
4.40000e-04 -1.00000e+00
4.41000e-04 -1.00000e+00
4.42000e-04 -1.00000e+00
4.43000e-04 -1.00000e+00
4.44000e-04 -1.00000e+00
4.45000e-04 -1.00000e+00
4.46000e-04 -1.00000e+00
4.47000e-04 -1.00000e+00
4.48000e-04 -1.00000e+00
4.49000e-04 -1.00000e+00
4.50000e-04 -1.00000e+00
4.51000e-04 -1.00000e+00
4.52000e-04 -1.00000e+00
4.53000e-04 -1.00000e+00
4.54000e-04 -1.00000e+00
4.55000e-04 -1.00000e+00
4.56000e-04 -1.00000e+00
4.57000e-04 -1.00000e+00
4.58000e-04 -1.00000e+00
4.59000e-04 -1.00000e+00
4.60000e-04 -1.00000e+00
4.61000e-04 -1.00000e+00
4.62000e-04 -1.00000e+00
4.63000e-04 -1.00000e+00
4.64000e-04 -1.00000e+00
4.65000e-04 -1.00000e+00
4.66000e-04 -1.00000e+00
4.67000e-04 -1.00000e+00
4.68000e-04 -1.00000e+00
4.69000e-04 -1.00000e+00
4.70000e-04 -1.00000e+00
4.71000e-04 -1.00000e+00
4.72000e-04 -1.00000e+00
4.73000e-04 -1.00000e+00
4.74000e-04 -1.00000e+00
4.75000e-04 -1.00000e+00
4.76000e-04 -1.00000e+00
4.77000e-04 -1.00000e+00
4.78000e-04 -1.00000e+00
4.79000e-04 -1.00000e+00
4.80000e-04 -1.00000e+00
4.81000e-04 -1.00000e+00
4.82000e-04 -1.00000e+00
4.83000e-04 -1.00000e+00
4.84000e-04 -1.00000e+00
4.85000e-04 -1.00000e+00
4.86000e-04 -1.00000e+00
4.87000e-04 -1.00000e+00
4.88000e-04 -1.00000e+00
4.89000e-04 -1.00000e+00
4.90000e-04 -1.00000e+00
4.91000e-04 -1.00000e+00
4.92000e-04 -1.00000e+00
4.93000e-04 -1.00000e+00
4.94000e-04 -1.00000e+00
4.95000e-04 -1.00000e+00
4.96000e-04 -1.00000e+00
4.97000e-04 -1.00000e+00
4.98000e-04 -1.00000e+00
4.99000e-04 5.00000e-02
