0.00000e+00 -5.00000e-02
1.00000e-06 -4.59760e+00
2.00000e-06 -4.60112e+00
3.00000e-06 -4.55100e+00
4.00000e-06 -4.49802e+00
5.00000e-06 -4.44514e+00
6.00000e-06 -4.39249e+00
7.00000e-06 -4.34010e+00
8.00000e-06 -4.28801e+00
9.00000e-06 -4.23630e+00
1.00000e-05 -4.18503e+00
1.10000e-05 -4.13427e+00
1.20000e-05 -4.08409e+00
1.30000e-05 -4.03455e+00
1.40000e-05 -3.98569e+00
1.50000e-05 -3.93756e+00
1.60000e-05 -3.89019e+00
1.70000e-05 -3.84360e+00
1.80000e-05 -3.79783e+00
1.90000e-05 -3.75288e+00
2.00000e-05 -3.70876e+00
2.10000e-05 -3.66548e+00
2.20000e-05 -3.62303e+00
2.30000e-05 -3.58141e+00
2.40000e-05 -3.54062e+00
2.50000e-05 -3.50065e+00
2.60000e-05 -3.46147e+00
2.70000e-05 -3.42309e+00
2.80000e-05 -3.38549e+00
2.90000e-05 -3.34865e+00
3.00000e-05 -3.31256e+00
3.10000e-05 -3.27719e+00
3.20000e-05 -3.24254e+00
3.30000e-05 -3.20859e+00
3.40000e-05 -3.17531e+00
3.50000e-05 -3.14269e+00
3.60000e-05 -3.11072e+00
3.70000e-05 -3.07938e+00
3.80000e-05 -3.04864e+00
3.90000e-05 -3.01851e+00
4.00000e-05 -2.98894e+00
4.10000e-05 -2.95995e+00
4.20000e-05 -2.93149e+00
4.30000e-05 -2.90358e+00
4.40000e-05 -2.87617e+00
4.50000e-05 -2.84928e+00
4.60000e-05 -2.82287e+00
4.70000e-05 -2.79693e+00
4.80000e-05 -2.77146e+00
4.90000e-05 -2.74645e+00
5.00000e-05 -2.72186e+00
5.10000e-05 -2.69771e+00
5.20000e-05 -2.67397e+00
5.30000e-05 -2.65064e+00
5.40000e-05 -2.62769e+00
5.50000e-05 -2.60513e+00
5.60000e-05 -2.58295e+00
5.70000e-05 -2.56112e+00
5.80000e-05 -2.53965e+00
5.90000e-05 -2.51853e+00
6.00000e-05 -2.49774e+00
6.10000e-05 -2.47728e+00
6.20000e-05 -2.45714e+00
6.30000e-05 -2.43731e+00
6.40000e-05 -2.41778e+00
6.50000e-05 -2.39855e+00
6.60000e-05 -2.37960e+00
6.70000e-05 -2.36094e+00
6.80000e-05 -2.34256e+00
6.90000e-05 -2.32444e+00
7.00000e-05 -2.30659e+00
7.10000e-05 -2.28899e+00
7.20000e-05 -2.27164e+00
7.30000e-05 -2.25454e+00
7.40000e-05 -2.23767e+00
7.50000e-05 -2.22104e+00
7.60000e-05 -2.20464e+00
7.70000e-05 -2.18846e+00
7.80000e-05 -2.17250e+00
7.90000e-05 -2.15675e+00
8.00000e-05 -2.14121e+00
8.10000e-05 -2.12588e+00
8.20000e-05 -2.11075e+00
8.30000e-05 -2.09581e+00
8.40000e-05 -2.08106e+00
8.50000e-05 -2.06651e+00
8.60000e-05 -2.05213e+00
8.70000e-05 -2.03794e+00
8.80000e-05 -2.02392e+00
8.90000e-05 -2.01008e+00
9.00000e-05 -1.99640e+00
9.10000e-05 -1.98290e+00
9.20000e-05 -1.96955e+00
9.30000e-05 -1.95637e+00
9.40000e-05 -1.94334e+00
9.50000e-05 -1.93046e+00
9.60000e-05 -1.91774e+00
9.70000e-05 -1.90516e+00
9.80000e-05 -1.89273e+00
9.90000e-05 -1.88045e+00
1.00000e-04 -1.86830e+00
1.01000e-04 -1.85629e+00
1.02000e-04 -1.84441e+00
1.03000e-04 -1.83267e+00
1.04000e-04 -1.82106e+00
1.05000e-04 -1.80957e+00
1.06000e-04 -1.79821e+00
1.07000e-04 -1.78698e+00
1.08000e-04 -1.77586e+00
1.09000e-04 -1.76487e+00
1.10000e-04 -1.75399e+00
1.11000e-04 -1.74322e+00
1.12000e-04 -1.73257e+00
1.13000e-04 -1.72203e+00
1.14000e-04 -1.71160e+00
1.15000e-04 -1.70128e+00
1.16000e-04 -1.69107e+00
1.17000e-04 -1.68095e+00
1.18000e-04 -1.67095e+00
1.19000e-04 -1.66104e+00
1.20000e-04 -1.65123e+00
1.21000e-04 -1.64152e+00
1.22000e-04 -1.63190e+00
1.23000e-04 -1.62238e+00
1.24000e-04 -1.61295e+00
1.25000e-04 -1.60362e+00
1.26000e-04 -1.59437e+00
1.27000e-04 -1.58521e+00
1.28000e-04 -1.57614e+00
1.29000e-04 -1.56716e+00
1.30000e-04 -1.55826e+00
1.31000e-04 -1.54945e+00
1.32000e-04 -1.54072e+00
1.33000e-04 -1.53207e+00
1.34000e-04 -1.52350e+00
1.35000e-04 -1.51501e+00
1.36000e-04 -1.50660e+00
1.37000e-04 -1.49826e+00
1.38000e-04 -1.49000e+00
1.39000e-04 -1.48182e+00
1.40000e-04 -1.47370e+00
1.41000e-04 -1.46566e+00
1.42000e-04 -1.45770e+00
1.43000e-04 -1.44980e+00
1.44000e-04 -1.44197e+00
1.45000e-04 -1.43421e+00
1.46000e-04 -1.42652e+00
1.47000e-04 -1.41890e+00
1.48000e-04 -1.41134e+00
1.49000e-04 -1.40385e+00
1.50000e-04 -1.39642e+00
1.51000e-04 -1.38905e+00
1.52000e-04 -1.38175e+00
1.53000e-04 -1.37451e+00
1.54000e-04 -1.36733e+00
1.55000e-04 -1.36021e+00
1.56000e-04 -1.35314e+00
1.57000e-04 -1.34614e+00
1.58000e-04 -1.33920e+00
1.59000e-04 -1.33231e+00
1.60000e-04 -1.32548e+00
1.61000e-04 -1.31871e+00
1.62000e-04 -1.31199e+00
1.63000e-04 -1.30532e+00
1.64000e-04 -1.29871e+00
1.65000e-04 -1.29215e+00
1.66000e-04 -1.28564e+00
1.67000e-04 -1.27919e+00
1.68000e-04 -1.27279e+00
1.69000e-04 -1.26644e+00
1.70000e-04 -1.26013e+00
1.71000e-04 -1.25388e+00
1.72000e-04 -1.24768e+00
1.73000e-04 -1.24152e+00
1.74000e-04 -1.23541e+00
1.75000e-04 -1.22935e+00
1.76000e-04 -1.22334e+00
1.77000e-04 -1.21737e+00
1.78000e-04 -1.21145e+00
1.79000e-04 -1.20557e+00
1.80000e-04 -1.19974e+00
1.81000e-04 -1.19395e+00
1.82000e-04 -1.18820e+00
1.83000e-04 -1.18250e+00
1.84000e-04 -1.17684e+00
1.85000e-04 -1.17122e+00
1.86000e-04 -1.16565e+00
1.87000e-04 -1.16011e+00
1.88000e-04 -1.15462e+00
1.89000e-04 -1.14916e+00
1.90000e-04 -1.14375e+00
1.91000e-04 -1.13838e+00
1.92000e-04 -1.13304e+00
1.93000e-04 -1.12774e+00
1.94000e-04 -1.12249e+00
1.95000e-04 -1.11727e+00
1.96000e-04 -1.11208e+00
1.97000e-04 -1.10694e+00
1.98000e-04 -1.10183e+00
1.99000e-04 -1.09675e+00
2.00000e-04 -1.09172e+00
2.01000e-04 -1.08672e+00
2.02000e-04 -1.08175e+00
2.03000e-04 -1.07682e+00
2.04000e-04 -1.07192e+00
2.05000e-04 -1.06706e+00
2.06000e-04 -1.06223e+00
2.07000e-04 -1.05743e+00
2.08000e-04 -1.05267e+00
2.09000e-04 -1.04794e+00
2.10000e-04 -1.04324e+00
2.11000e-04 -1.03858e+00
2.12000e-04 -1.03394e+00
2.13000e-04 -1.02934e+00
2.14000e-04 -1.02477e+00
2.15000e-04 -1.02023e+00
2.16000e-04 -1.01572e+00
2.17000e-04 -1.01125e+00
2.18000e-04 -1.00680e+00
2.19000e-04 -1.00238e+00
2.20000e-04 -9.97988e-01
2.21000e-04 -9.93628e-01
2.22000e-04 -9.89297e-01
2.23000e-04 -9.84994e-01
2.24000e-04 -9.80720e-01
2.25000e-04 -9.76474e-01
2.26000e-04 -9.72255e-01
2.27000e-04 -9.68065e-01
2.28000e-04 -9.63901e-01
2.29000e-04 -9.59765e-01
2.30000e-04 -9.55656e-01
2.31000e-04 -9.51573e-01
2.32000e-04 -9.47516e-01
2.33000e-04 -9.43486e-01
2.34000e-04 -9.39482e-01
2.35000e-04 -9.35503e-01
2.36000e-04 -9.31550e-01
2.37000e-04 -9.27622e-01
2.38000e-04 -9.23719e-01
2.39000e-04 -9.19841e-01
2.40000e-04 -9.15987e-01
2.41000e-04 -9.12158e-01
2.42000e-04 -9.08352e-01
2.43000e-04 -9.04571e-01
2.44000e-04 -9.00813e-01
2.45000e-04 -8.97079e-01
2.46000e-04 -8.93368e-01
2.47000e-04 -8.89681e-01
2.48000e-04 -8.86016e-01
2.49000e-04 -8.82374e-01
2.50000e-04 -8.78754e-01
2.51000e-04 -8.75157e-01
2.52000e-04 -8.71582e-01
2.53000e-04 -8.68029e-01
2.54000e-04 -8.64497e-01
2.55000e-04 -8.60987e-01
2.56000e-04 -8.57499e-01
2.57000e-04 -8.54032e-01
2.58000e-04 -8.50586e-01
2.59000e-04 -8.47160e-01
2.60000e-04 -8.43756e-01
2.61000e-04 -8.40372e-01
2.62000e-04 -8.37008e-01
2.63000e-04 -8.33665e-01
2.64000e-04 -8.30341e-01
2.65000e-04 -8.27038e-01
2.66000e-04 -8.23754e-01
2.67000e-04 -8.20490e-01
2.68000e-04 -8.17245e-01
2.69000e-04 -8.14019e-01
2.70000e-04 -8.10813e-01
2.71000e-04 -8.07625e-01
2.72000e-04 -8.04456e-01
2.73000e-04 -8.01306e-01
2.74000e-04 -7.98175e-01
2.75000e-04 -7.95062e-01
2.76000e-04 -7.91966e-01
2.77000e-04 -7.88889e-01
2.78000e-04 -7.85830e-01
2.79000e-04 -7.82789e-01
2.80000e-04 -7.79766e-01
2.81000e-04 -7.76759e-01
2.82000e-04 -7.73771e-01
2.83000e-04 -7.70799e-01
2.84000e-04 -7.67845e-01
2.85000e-04 -7.64907e-01
2.86000e-04 -7.61987e-01
2.87000e-04 -7.59083e-01
2.88000e-04 -7.56196e-01
2.89000e-04 -7.53325e-01
2.90000e-04 -7.50471e-01
2.91000e-04 -7.47633e-01
2.92000e-04 -7.44811e-01
2.93000e-04 -7.42005e-01
2.94000e-04 -7.39214e-01
2.95000e-04 -7.36440e-01
2.96000e-04 -7.33681e-01
2.97000e-04 -7.30938e-01
2.98000e-04 -7.28210e-01
2.99000e-04 -7.25497e-01
3.00000e-04 -7.22800e-01
3.01000e-04 -7.20118e-01
3.02000e-04 -7.17450e-01
3.03000e-04 -7.14798e-01
3.04000e-04 -7.12160e-01
3.05000e-04 -7.09537e-01
3.06000e-04 -7.06928e-01
3.07000e-04 -7.04334e-01
3.08000e-04 -7.01754e-01
3.09000e-04 -6.99188e-01
3.10000e-04 -6.96637e-01
3.11000e-04 -6.94099e-01
3.12000e-04 -6.91576e-01
3.13000e-04 -6.89066e-01
3.14000e-04 -6.86570e-01
3.15000e-04 -6.84088e-01
3.16000e-04 -6.81619e-01
3.17000e-04 -6.79163e-01
3.18000e-04 -6.76721e-01
3.19000e-04 -6.74292e-01
3.20000e-04 -6.71877e-01
3.21000e-04 -6.69474e-01
3.22000e-04 -6.67084e-01
3.23000e-04 -6.64707e-01
3.24000e-04 -6.62343e-01
3.25000e-04 -6.59992e-01
3.26000e-04 -6.57654e-01
3.27000e-04 -6.55327e-01
3.28000e-04 -6.53014e-01
3.29000e-04 -6.50712e-01
3.30000e-04 -6.48423e-01
3.31000e-04 -6.46147e-01
3.32000e-04 -6.43882e-01
3.33000e-04 -6.41629e-01
3.34000e-04 -6.39388e-01
3.35000e-04 -6.37160e-01
3.36000e-04 -6.34943e-01
3.37000e-04 -6.32737e-01
3.38000e-04 -6.30544e-01
3.39000e-04 -6.28361e-01
3.40000e-04 -6.26191e-01
3.41000e-04 -6.24031e-01
3.42000e-04 -6.21883e-01
3.43000e-04 -6.19747e-01
3.44000e-04 -6.17621e-01
3.45000e-04 -6.15507e-01
3.46000e-04 -6.13403e-01
3.47000e-04 -6.11311e-01
3.48000e-04 -6.09230e-01
3.49000e-04 -6.07159e-01
3.50000e-04 -6.05099e-01
3.51000e-04 -6.03050e-01
3.52000e-04 -6.01011e-01
3.53000e-04 -5.98983e-01
3.54000e-04 -5.96965e-01
3.55000e-04 -5.94958e-01
3.56000e-04 -5.92961e-01
3.57000e-04 -5.90974e-01
3.58000e-04 -5.88998e-01
3.59000e-04 -5.87032e-01
3.60000e-04 -5.85075e-01
3.61000e-04 -5.83129e-01
3.62000e-04 -5.81193e-01
3.63000e-04 -5.79267e-01
3.64000e-04 -5.77350e-01
3.65000e-04 -5.75443e-01
3.66000e-04 -5.73546e-01
3.67000e-04 -5.71659e-01
3.68000e-04 -5.69781e-01
3.69000e-04 -5.67913e-01
3.70000e-04 -5.66054e-01
3.71000e-04 -5.64204e-01
3.72000e-04 -5.62364e-01
3.73000e-04 -5.60533e-01
3.74000e-04 -5.58712e-01
3.75000e-04 -5.56899e-01
3.76000e-04 -5.55096e-01
3.77000e-04 -5.53302e-01
3.78000e-04 -5.51516e-01
3.79000e-04 -5.49740e-01
3.80000e-04 -5.47972e-01
3.81000e-04 -5.46214e-01
3.82000e-04 -5.44464e-01
3.83000e-04 -5.42723e-01
3.84000e-04 -5.40990e-01
3.85000e-04 -5.39267e-01
3.86000e-04 -5.37551e-01
3.87000e-04 -5.35845e-01
3.88000e-04 -5.34146e-01
3.89000e-04 -5.32457e-01
3.90000e-04 -5.30775e-01
3.91000e-04 -5.29102e-01
3.92000e-04 -5.27437e-01
3.93000e-04 -5.25780e-01
3.94000e-04 -5.24132e-01
3.95000e-04 -5.22491e-01
3.96000e-04 -5.20859e-01
3.97000e-04 -5.19235e-01
3.98000e-04 -5.17619e-01
3.99000e-04 -5.16010e-01
4.00000e-04 -5.14410e-01
4.01000e-04 -5.12817e-01
4.02000e-04 -5.11232e-01
4.03000e-04 -5.09655e-01
4.04000e-04 -5.08085e-01
4.05000e-04 -5.06524e-01
4.06000e-04 -5.04969e-01
4.07000e-04 -5.03423e-01
4.08000e-04 -5.01884e-01
4.09000e-04 -5.00352e-01
4.10000e-04 -1.00000e+00
4.11000e-04 -1.00000e+00
4.12000e-04 -1.00000e+00
4.13000e-04 -1.00000e+00
4.14000e-04 -1.00000e+00
4.15000e-04 -1.00000e+00
4.16000e-04 -1.00000e+00
4.17000e-04 -1.00000e+00
4.18000e-04 -1.00000e+00
4.19000e-04 -1.00000e+00
4.20000e-04 -1.00000e+00
4.21000e-04 -1.00000e+00
4.22000e-04 -1.00000e+00
4.23000e-04 -1.00000e+00
4.24000e-04 -1.00000e+00
4.25000e-04 -1.00000e+00
4.26000e-04 -1.00000e+00
4.27000e-04 -1.00000e+00
4.28000e-04 -1.00000e+00
4.29000e-04 -1.00000e+00
4.30000e-04 -1.00000e+00
4.31000e-04 -1.00000e+00
4.32000e-04 -1.00000e+00
4.33000e-04 -1.00000e+00
4.34000e-04 -1.00000e+00
4.35000e-04 -1.00000e+00
4.36000e-04 -1.00000e+00
4.37000e-04 -1.00000e+00
4.38000e-04 -1.00000e+00
4.39000e-04 -1.00000e+00
4.40000e-04 -1.00000e+00
4.41000e-04 -1.00000e+00
4.42000e-04 -1.00000e+00
4.43000e-04 -1.00000e+00
4.44000e-04 -1.00000e+00
4.45000e-04 -1.00000e+00
4.46000e-04 -1.00000e+00
4.47000e-04 -1.00000e+00
4.48000e-04 -1.00000e+00
4.49000e-04 -1.00000e+00
4.50000e-04 -1.00000e+00
4.51000e-04 -1.00000e+00
4.52000e-04 -1.00000e+00
4.53000e-04 -1.00000e+00
4.54000e-04 -1.00000e+00
4.55000e-04 -1.00000e+00
4.56000e-04 -1.00000e+00
4.57000e-04 -1.00000e+00
4.58000e-04 -1.00000e+00
4.59000e-04 -1.00000e+00
4.60000e-04 -1.00000e+00
4.61000e-04 -1.00000e+00
4.62000e-04 -1.00000e+00
4.63000e-04 -1.00000e+00
4.64000e-04 -1.00000e+00
4.65000e-04 -1.00000e+00
4.66000e-04 -1.00000e+00
4.67000e-04 -1.00000e+00
4.68000e-04 -1.00000e+00
4.69000e-04 -1.00000e+00
4.70000e-04 -1.00000e+00
4.71000e-04 -1.00000e+00
4.72000e-04 -1.00000e+00
4.73000e-04 -1.00000e+00
4.74000e-04 -1.00000e+00
4.75000e-04 -1.00000e+00
4.76000e-04 -1.00000e+00
4.77000e-04 -1.00000e+00
4.78000e-04 -1.00000e+00
4.79000e-04 -1.00000e+00
4.80000e-04 -1.00000e+00
4.81000e-04 -1.00000e+00
4.82000e-04 -1.00000e+00
4.83000e-04 -1.00000e+00
4.84000e-04 -1.00000e+00
4.85000e-04 -1.00000e+00
4.86000e-04 -1.00000e+00
4.87000e-04 -1.00000e+00
4.88000e-04 -1.00000e+00
4.89000e-04 -1.00000e+00
4.90000e-04 -1.00000e+00
4.91000e-04 -1.00000e+00
4.92000e-04 -1.00000e+00
4.93000e-04 -1.00000e+00
4.94000e-04 -1.00000e+00
4.95000e-04 -1.00000e+00
4.96000e-04 -1.00000e+00
4.97000e-04 -1.00000e+00
4.98000e-04 -1.00000e+00
4.99000e-04 -1.00000e+00
5.00000e-04 -1.00000e+00
5.01000e-04 -1.00000e+00
5.02000e-04 -1.00000e+00
5.03000e-04 -1.00000e+00
5.04000e-04 -1.00000e+00
5.05000e-04 -1.00000e+00
5.06000e-04 -1.00000e+00
5.07000e-04 -1.00000e+00
5.08000e-04 -1.00000e+00
5.09000e-04 5.00000e-02
