0.00000e+00 -5.00000e-02
1.00000e-06 -4.63370e+00
2.00000e-06 -4.63696e+00
3.00000e-06 -4.58942e+00
4.00000e-06 -4.53911e+00
5.00000e-06 -4.48864e+00
6.00000e-06 -4.43813e+00
7.00000e-06 -4.38762e+00
8.00000e-06 -4.33717e+00
9.00000e-06 -4.28685e+00
1.00000e-05 -4.23675e+00
1.10000e-05 -4.18695e+00
1.20000e-05 -4.13755e+00
1.30000e-05 -4.08860e+00
1.40000e-05 -4.04018e+00
1.50000e-05 -3.99235e+00
1.60000e-05 -3.94515e+00
1.70000e-05 -3.89863e+00
1.80000e-05 -3.85281e+00
1.90000e-05 -3.80774e+00
2.00000e-05 -3.76342e+00
2.10000e-05 -3.71987e+00
2.20000e-05 -3.67709e+00
2.30000e-05 -3.63511e+00
2.40000e-05 -3.59390e+00
2.50000e-05 -3.55348e+00
2.60000e-05 -3.51383e+00
2.70000e-05 -3.47496e+00
2.80000e-05 -3.43684e+00
2.90000e-05 -3.39946e+00
3.00000e-05 -3.36283e+00
3.10000e-05 -3.32691e+00
3.20000e-05 -3.29170e+00
3.30000e-05 -3.25718e+00
3.40000e-05 -3.22334e+00
3.50000e-05 -3.19017e+00
3.60000e-05 -3.15763e+00
3.70000e-05 -3.12573e+00
3.80000e-05 -3.09444e+00
3.90000e-05 -3.06375e+00
4.00000e-05 -3.03365e+00
4.10000e-05 -3.00411e+00
4.20000e-05 -2.97513e+00
4.30000e-05 -2.94669e+00
4.40000e-05 -2.91877e+00
4.50000e-05 -2.89136e+00
4.60000e-05 -2.86445e+00
4.70000e-05 -2.83802e+00
4.80000e-05 -2.81206e+00
4.90000e-05 -2.78656e+00
5.00000e-05 -2.76151e+00
5.10000e-05 -2.73690e+00
5.20000e-05 -2.71270e+00
5.30000e-05 -2.68892e+00
5.40000e-05 -2.66554e+00
5.50000e-05 -2.64255e+00
5.60000e-05 -2.61994e+00
5.70000e-05 -2.59770e+00
5.80000e-05 -2.57583e+00
5.90000e-05 -2.55430e+00
6.00000e-05 -2.53312e+00
6.10000e-05 -2.51227e+00
6.20000e-05 -2.49175e+00
6.30000e-05 -2.47155e+00
6.40000e-05 -2.45166e+00
6.50000e-05 -2.43207e+00
6.60000e-05 -2.41277e+00
6.70000e-05 -2.39377e+00
6.80000e-05 -2.37504e+00
6.90000e-05 -2.35660e+00
7.00000e-05 -2.33841e+00
7.10000e-05 -2.32050e+00
7.20000e-05 -2.30283e+00
7.30000e-05 -2.28542e+00
7.40000e-05 -2.26825e+00
7.50000e-05 -2.25132e+00
7.60000e-05 -2.23463e+00
7.70000e-05 -2.21816e+00
7.80000e-05 -2.20191e+00
7.90000e-05 -2.18589e+00
8.00000e-05 -2.17008e+00
8.10000e-05 -2.15447e+00
8.20000e-05 -2.13908e+00
8.30000e-05 -2.12388e+00
8.40000e-05 -2.10888e+00
8.50000e-05 -2.09407e+00
8.60000e-05 -2.07945e+00
8.70000e-05 -2.06501e+00
8.80000e-05 -2.05076e+00
8.90000e-05 -2.03668e+00
9.00000e-05 -2.02277e+00
9.10000e-05 -2.00904e+00
9.20000e-05 -1.99547e+00
9.30000e-05 -1.98206e+00
9.40000e-05 -1.96882e+00
9.50000e-05 -1.95573e+00
9.60000e-05 -1.94279e+00
9.70000e-05 -1.93001e+00
9.80000e-05 -1.91737e+00
9.90000e-05 -1.90489e+00
1.00000e-04 -1.89254e+00
1.01000e-04 -1.88033e+00
1.02000e-04 -1.86827e+00
1.03000e-04 -1.85633e+00
1.04000e-04 -1.84453e+00
1.05000e-04 -1.83286e+00
1.06000e-04 -1.82132e+00
1.07000e-04 -1.80991e+00
1.08000e-04 -1.79862e+00
1.09000e-04 -1.78745e+00
1.10000e-04 -1.77640e+00
1.11000e-04 -1.76546e+00
1.12000e-04 -1.75465e+00
1.13000e-04 -1.74394e+00
1.14000e-04 -1.73335e+00
1.15000e-04 -1.72287e+00
1.16000e-04 -1.71249e+00
1.17000e-04 -1.70223e+00
1.18000e-04 -1.69206e+00
1.19000e-04 -1.68200e+00
1.20000e-04 -1.67204e+00
1.21000e-04 -1.66218e+00
1.22000e-04 -1.65242e+00
1.23000e-04 -1.64276e+00
1.24000e-04 -1.63319e+00
1.25000e-04 -1.62371e+00
1.26000e-04 -1.61432e+00
1.27000e-04 -1.60503e+00
1.28000e-04 -1.59583e+00
1.29000e-04 -1.58671e+00
1.30000e-04 -1.57768e+00
1.31000e-04 -1.56874e+00
1.32000e-04 -1.55988e+00
1.33000e-04 -1.55110e+00
1.34000e-04 -1.54240e+00
1.35000e-04 -1.53379e+00
1.36000e-04 -1.52525e+00
1.37000e-04 -1.51679e+00
1.38000e-04 -1.50841e+00
1.39000e-04 -1.50011e+00
1.40000e-04 -1.49188e+00
1.41000e-04 -1.48372e+00
1.42000e-04 -1.47564e+00
1.43000e-04 -1.46763e+00
1.44000e-04 -1.45969e+00
1.45000e-04 -1.45182e+00
1.46000e-04 -1.44402e+00
1.47000e-04 -1.43629e+00
1.48000e-04 -1.42862e+00
1.49000e-04 -1.42102e+00
1.50000e-04 -1.41349e+00
1.51000e-04 -1.40602e+00
1.52000e-04 -1.39861e+00
1.53000e-04 -1.39127e+00
1.54000e-04 -1.38399e+00
1.55000e-04 -1.37677e+00
1.56000e-04 -1.36961e+00
1.57000e-04 -1.36251e+00
1.58000e-04 -1.35547e+00
1.59000e-04 -1.34848e+00
1.60000e-04 -1.34156e+00
1.61000e-04 -1.33469e+00
1.62000e-04 -1.32788e+00
1.63000e-04 -1.32112e+00
1.64000e-04 -1.31442e+00
1.65000e-04 -1.30777e+00
1.66000e-04 -1.30117e+00
1.67000e-04 -1.29463e+00
1.68000e-04 -1.28814e+00
1.69000e-04 -1.28170e+00
1.70000e-04 -1.27531e+00
1.71000e-04 -1.26897e+00
1.72000e-04 -1.26269e+00
1.73000e-04 -1.25645e+00
1.74000e-04 -1.25026e+00
1.75000e-04 -1.24411e+00
1.76000e-04 -1.23802e+00
1.77000e-04 -1.23197e+00
1.78000e-04 -1.22597e+00
1.79000e-04 -1.22001e+00
1.80000e-04 -1.21410e+00
1.81000e-04 -1.20823e+00
1.82000e-04 -1.20241e+00
1.83000e-04 -1.19663e+00
1.84000e-04 -1.19090e+00
1.85000e-04 -1.18520e+00
1.86000e-04 -1.17955e+00
1.87000e-04 -1.17394e+00
1.88000e-04 -1.16838e+00
1.89000e-04 -1.16285e+00
1.90000e-04 -1.15737e+00
1.91000e-04 -1.15192e+00
1.92000e-04 -1.14652e+00
1.93000e-04 -1.14115e+00
1.94000e-04 -1.13582e+00
1.95000e-04 -1.13053e+00
1.96000e-04 -1.12528e+00
1.97000e-04 -1.12007e+00
1.98000e-04 -1.11489e+00
1.99000e-04 -1.10975e+00
2.00000e-04 -1.10465e+00
2.01000e-04 -1.09958e+00
2.02000e-04 -1.09455e+00
2.03000e-04 -1.08956e+00
2.04000e-04 -1.08459e+00
2.05000e-04 -1.07967e+00
2.06000e-04 -1.07478e+00
2.07000e-04 -1.06992e+00
2.08000e-04 -1.06509e+00
2.09000e-04 -1.06030e+00
2.10000e-04 -1.05555e+00
2.11000e-04 -1.05082e+00
2.12000e-04 -1.04613e+00
2.13000e-04 -1.04147e+00
2.14000e-04 -1.03684e+00
2.15000e-04 -1.03224e+00
2.16000e-04 -1.02767e+00
2.17000e-04 -1.02313e+00
2.18000e-04 -1.01863e+00
2.19000e-04 -1.01415e+00
2.20000e-04 -1.00971e+00
2.21000e-04 -1.00529e+00
2.22000e-04 -1.00090e+00
2.23000e-04 -9.96546e-01
2.24000e-04 -9.92217e-01
2.25000e-04 -9.87917e-01
2.26000e-04 -9.83645e-01
2.27000e-04 -9.79401e-01
2.28000e-04 -9.75184e-01
2.29000e-04 -9.70995e-01
2.30000e-04 -9.66833e-01
2.31000e-04 -9.62699e-01
2.32000e-04 -9.58591e-01
2.33000e-04 -9.54509e-01
2.34000e-04 -9.50454e-01
2.35000e-04 -9.46425e-01
2.36000e-04 -9.42421e-01
2.37000e-04 -9.38444e-01
2.38000e-04 -9.34491e-01
2.39000e-04 -9.30564e-01
2.40000e-04 -9.26661e-01
2.41000e-04 -9.22783e-01
2.42000e-04 -9.18930e-01
2.43000e-04 -9.15101e-01
2.44000e-04 -9.11296e-01
2.45000e-04 -9.07514e-01
2.46000e-04 -9.03757e-01
2.47000e-04 -9.00023e-01
2.48000e-04 -8.96312e-01
2.49000e-04 -8.92624e-01
2.50000e-04 -8.88958e-01
2.51000e-04 -8.85316e-01
2.52000e-04 -8.81696e-01
2.53000e-04 -8.78098e-01
2.54000e-04 -8.74522e-01
2.55000e-04 -8.70968e-01
2.56000e-04 -8.67436e-01
2.57000e-04 -8.63925e-01
2.58000e-04 -8.60436e-01
2.59000e-04 -8.56967e-01
2.60000e-04 -8.53520e-01
2.61000e-04 -8.50094e-01
2.62000e-04 -8.46688e-01
2.63000e-04 -8.43302e-01
2.64000e-04 -8.39937e-01
2.65000e-04 -8.36592e-01
2.66000e-04 -8.33268e-01
2.67000e-04 -8.29962e-01
2.68000e-04 -8.26677e-01
2.69000e-04 -8.23411e-01
2.70000e-04 -8.20164e-01
2.71000e-04 -8.16937e-01
2.72000e-04 -8.13729e-01
2.73000e-04 -8.10539e-01
2.74000e-04 -8.07368e-01
2.75000e-04 -8.04216e-01
2.76000e-04 -8.01082e-01
2.77000e-04 -7.97967e-01
2.78000e-04 -7.94870e-01
2.79000e-04 -7.91790e-01
2.80000e-04 -7.88729e-01
2.81000e-04 -7.85685e-01
2.82000e-04 -7.82659e-01
2.83000e-04 -7.79651e-01
2.84000e-04 -7.76660e-01
2.85000e-04 -7.73686e-01
2.86000e-04 -7.70729e-01
2.87000e-04 -7.67789e-01
2.88000e-04 -7.64865e-01
2.89000e-04 -7.61959e-01
2.90000e-04 -7.59069e-01
2.91000e-04 -7.56195e-01
2.92000e-04 -7.53338e-01
2.93000e-04 -7.50497e-01
2.94000e-04 -7.47672e-01
2.95000e-04 -7.44863e-01
2.96000e-04 -7.42070e-01
2.97000e-04 -7.39292e-01
2.98000e-04 -7.36530e-01
2.99000e-04 -7.33784e-01
3.00000e-04 -7.31053e-01
3.01000e-04 -7.28337e-01
3.02000e-04 -7.25637e-01
3.03000e-04 -7.22951e-01
3.04000e-04 -7.20280e-01
3.05000e-04 -7.17624e-01
3.06000e-04 -7.14983e-01
3.07000e-04 -7.12357e-01
3.08000e-04 -7.09745e-01
3.09000e-04 -7.07147e-01
3.10000e-04 -7.04564e-01
3.11000e-04 -7.01995e-01
3.12000e-04 -6.99440e-01
3.13000e-04 -6.96898e-01
3.14000e-04 -6.94371e-01
3.15000e-04 -6.91858e-01
3.16000e-04 -6.89358e-01
3.17000e-04 -6.86872e-01
3.18000e-04 -6.84400e-01
3.19000e-04 -6.81940e-01
3.20000e-04 -6.79495e-01
3.21000e-04 -6.77062e-01
3.22000e-04 -6.74642e-01
3.23000e-04 -6.72236e-01
3.24000e-04 -6.69842e-01
3.25000e-04 -6.67462e-01
3.26000e-04 -6.65094e-01
3.27000e-04 -6.62739e-01
3.28000e-04 -6.60396e-01
3.29000e-04 -6.58066e-01
3.30000e-04 -6.55748e-01
3.31000e-04 -6.53443e-01
3.32000e-04 -6.51150e-01
3.33000e-04 -6.48869e-01
3.34000e-04 -6.46601e-01
3.35000e-04 -6.44344e-01
3.36000e-04 -6.42099e-01
3.37000e-04 -6.39866e-01
3.38000e-04 -6.37645e-01
3.39000e-04 -6.35435e-01
3.40000e-04 -6.33237e-01
3.41000e-04 -6.31051e-01
3.42000e-04 -6.28876e-01
3.43000e-04 -6.26713e-01
3.44000e-04 -6.24561e-01
3.45000e-04 -6.22420e-01
3.46000e-04 -6.20290e-01
3.47000e-04 -6.18171e-01
3.48000e-04 -6.16064e-01
3.49000e-04 -6.13967e-01
3.50000e-04 -6.11881e-01
3.51000e-04 -6.09806e-01
3.52000e-04 -6.07742e-01
3.53000e-04 -6.05688e-01
3.54000e-04 -6.03645e-01
3.55000e-04 -6.01613e-01
3.56000e-04 -5.99591e-01
3.57000e-04 -5.97579e-01
3.58000e-04 -5.95578e-01
3.59000e-04 -5.93587e-01
3.60000e-04 -5.91606e-01
3.61000e-04 -5.89635e-01
3.62000e-04 -5.87674e-01
3.63000e-04 -5.85724e-01
3.64000e-04 -5.83783e-01
3.65000e-04 -5.81852e-01
3.66000e-04 -5.79931e-01
3.67000e-04 -5.78020e-01
3.68000e-04 -5.76118e-01
3.69000e-04 -5.74226e-01
3.70000e-04 -5.72344e-01
3.71000e-04 -5.70471e-01
3.72000e-04 -5.68608e-01
3.73000e-04 -5.66754e-01
3.74000e-04 -5.64909e-01
3.75000e-04 -5.63074e-01
3.76000e-04 -5.61247e-01
3.77000e-04 -5.59430e-01
3.78000e-04 -5.57622e-01
3.79000e-04 -5.55824e-01
3.80000e-04 -5.54034e-01
3.81000e-04 -5.52253e-01
3.82000e-04 -5.50481e-01
3.83000e-04 -5.48718e-01
3.84000e-04 -5.46963e-01
3.85000e-04 -5.45217e-01
3.86000e-04 -5.43480e-01
3.87000e-04 -5.41752e-01
3.88000e-04 -5.40032e-01
3.89000e-04 -5.38321e-01
3.90000e-04 -5.36618e-01
3.91000e-04 -5.34923e-01
3.92000e-04 -5.33237e-01
3.93000e-04 -5.31559e-01
3.94000e-04 -5.29890e-01
3.95000e-04 -5.28228e-01
3.96000e-04 -5.26575e-01
3.97000e-04 -5.24930e-01
3.98000e-04 -5.23293e-01
3.99000e-04 -5.21664e-01
4.00000e-04 -5.20043e-01
4.01000e-04 -5.18430e-01
4.02000e-04 -5.16825e-01
4.03000e-04 -5.15227e-01
4.04000e-04 -5.13638e-01
4.05000e-04 -5.12056e-01
4.06000e-04 -5.10482e-01
4.07000e-04 -5.08915e-01
4.08000e-04 -5.07356e-01
4.09000e-04 -5.05805e-01
4.10000e-04 -5.04261e-01
4.11000e-04 -5.02725e-01
4.12000e-04 -5.01196e-01
4.13000e-04 -1.00000e+00
4.14000e-04 -1.00000e+00
4.15000e-04 -1.00000e+00
4.16000e-04 -1.00000e+00
4.17000e-04 -1.00000e+00
4.18000e-04 -1.00000e+00
4.19000e-04 -1.00000e+00
4.20000e-04 -1.00000e+00
4.21000e-04 -1.00000e+00
4.22000e-04 -1.00000e+00
4.23000e-04 -1.00000e+00
4.24000e-04 -1.00000e+00
4.25000e-04 -1.00000e+00
4.26000e-04 -1.00000e+00
4.27000e-04 -1.00000e+00
4.28000e-04 -1.00000e+00
4.29000e-04 -1.00000e+00
4.30000e-04 -1.00000e+00
4.31000e-04 -1.00000e+00
4.32000e-04 -1.00000e+00
4.33000e-04 -1.00000e+00
4.34000e-04 -1.00000e+00
4.35000e-04 -1.00000e+00
4.36000e-04 -1.00000e+00
4.37000e-04 -1.00000e+00
4.38000e-04 -1.00000e+00
4.39000e-04 -1.00000e+00
4.40000e-04 -1.00000e+00
4.41000e-04 -1.00000e+00
4.42000e-04 -1.00000e+00
4.43000e-04 -1.00000e+00
4.44000e-04 -1.00000e+00
4.45000e-04 -1.00000e+00
4.46000e-04 -1.00000e+00
4.47000e-04 -1.00000e+00
4.48000e-04 -1.00000e+00
4.49000e-04 -1.00000e+00
4.50000e-04 -1.00000e+00
4.51000e-04 -1.00000e+00
4.52000e-04 -1.00000e+00
4.53000e-04 -1.00000e+00
4.54000e-04 -1.00000e+00
4.55000e-04 -1.00000e+00
4.56000e-04 -1.00000e+00
4.57000e-04 -1.00000e+00
4.58000e-04 -1.00000e+00
4.59000e-04 -1.00000e+00
4.60000e-04 -1.00000e+00
4.61000e-04 -1.00000e+00
4.62000e-04 -1.00000e+00
4.63000e-04 -1.00000e+00
4.64000e-04 -1.00000e+00
4.65000e-04 -1.00000e+00
4.66000e-04 -1.00000e+00
4.67000e-04 -1.00000e+00
4.68000e-04 -1.00000e+00
4.69000e-04 -1.00000e+00
4.70000e-04 -1.00000e+00
4.71000e-04 -1.00000e+00
4.72000e-04 -1.00000e+00
4.73000e-04 -1.00000e+00
4.74000e-04 -1.00000e+00
4.75000e-04 -1.00000e+00
4.76000e-04 -1.00000e+00
4.77000e-04 -1.00000e+00
4.78000e-04 -1.00000e+00
4.79000e-04 -1.00000e+00
4.80000e-04 -1.00000e+00
4.81000e-04 -1.00000e+00
4.82000e-04 -1.00000e+00
4.83000e-04 -1.00000e+00
4.84000e-04 -1.00000e+00
4.85000e-04 -1.00000e+00
4.86000e-04 -1.00000e+00
4.87000e-04 -1.00000e+00
4.88000e-04 -1.00000e+00
4.89000e-04 -1.00000e+00
4.90000e-04 -1.00000e+00
4.91000e-04 -1.00000e+00
4.92000e-04 -1.00000e+00
4.93000e-04 -1.00000e+00
4.94000e-04 -1.00000e+00
4.95000e-04 -1.00000e+00
4.96000e-04 -1.00000e+00
4.97000e-04 -1.00000e+00
4.98000e-04 -1.00000e+00
4.99000e-04 -1.00000e+00
5.00000e-04 -1.00000e+00
5.01000e-04 -1.00000e+00
5.02000e-04 -1.00000e+00
5.03000e-04 -1.00000e+00
5.04000e-04 -1.00000e+00
5.05000e-04 -1.00000e+00
5.06000e-04 -1.00000e+00
5.07000e-04 -1.00000e+00
5.08000e-04 -1.00000e+00
5.09000e-04 -1.00000e+00
5.10000e-04 -1.00000e+00
5.11000e-04 -1.00000e+00
5.12000e-04 -1.00000e+00
5.13000e-04 5.00000e-02
