0.00000e+00 -5.00000e-02
1.00000e-06 -4.85027e+00
2.00000e-06 -4.85173e+00
3.00000e-06 -4.82676e+00
4.00000e-06 -4.80009e+00
5.00000e-06 -4.77227e+00
6.00000e-06 -4.74320e+00
7.00000e-06 -4.71286e+00
8.00000e-06 -4.68122e+00
9.00000e-06 -4.64830e+00
1.00000e-05 -4.61414e+00
1.10000e-05 -4.57881e+00
1.20000e-05 -4.54237e+00
1.30000e-05 -4.50491e+00
1.40000e-05 -4.46652e+00
1.50000e-05 -4.42731e+00
1.60000e-05 -4.38737e+00
1.70000e-05 -4.34683e+00
1.80000e-05 -4.30578e+00
1.90000e-05 -4.26434e+00
2.00000e-05 -4.22261e+00
2.10000e-05 -4.18068e+00
2.20000e-05 -4.13866e+00
2.30000e-05 -4.09662e+00
2.40000e-05 -4.05466e+00
2.50000e-05 -4.01284e+00
2.60000e-05 -3.97123e+00
2.70000e-05 -3.92990e+00
2.80000e-05 -3.88888e+00
2.90000e-05 -3.84824e+00
3.00000e-05 -3.80801e+00
3.10000e-05 -3.76822e+00
3.20000e-05 -3.72890e+00
3.30000e-05 -3.69009e+00
3.40000e-05 -3.65179e+00
3.50000e-05 -3.61402e+00
3.60000e-05 -3.57680e+00
3.70000e-05 -3.54013e+00
3.80000e-05 -3.50403e+00
3.90000e-05 -3.46848e+00
4.00000e-05 -3.43350e+00
4.10000e-05 -3.39909e+00
4.20000e-05 -3.36523e+00
4.30000e-05 -3.33194e+00
4.40000e-05 -3.29920e+00
4.50000e-05 -3.26700e+00
4.60000e-05 -3.23535e+00
4.70000e-05 -3.20422e+00
4.80000e-05 -3.17363e+00
4.90000e-05 -3.14355e+00
5.00000e-05 -3.11397e+00
5.10000e-05 -3.08490e+00
5.20000e-05 -3.05632e+00
5.30000e-05 -3.02821e+00
5.40000e-05 -3.00058e+00
5.50000e-05 -2.97340e+00
5.60000e-05 -2.94668e+00
5.70000e-05 -2.92040e+00
5.80000e-05 -2.89454e+00
5.90000e-05 -2.86912e+00
6.00000e-05 -2.84410e+00
6.10000e-05 -2.81949e+00
6.20000e-05 -2.79527e+00
6.30000e-05 -2.77144e+00
6.40000e-05 -2.74799e+00
6.50000e-05 -2.72491e+00
6.60000e-05 -2.70218e+00
6.70000e-05 -2.67981e+00
6.80000e-05 -2.65778e+00
6.90000e-05 -2.63609e+00
7.00000e-05 -2.61473e+00
7.10000e-05 -2.59369e+00
7.20000e-05 -2.57296e+00
7.30000e-05 -2.55254e+00
7.40000e-05 -2.53243e+00
7.50000e-05 -2.51260e+00
7.60000e-05 -2.49306e+00
7.70000e-05 -2.47380e+00
7.80000e-05 -2.45482e+00
7.90000e-05 -2.43610e+00
8.00000e-05 -2.41765e+00
8.10000e-05 -2.39946e+00
8.20000e-05 -2.38151e+00
8.30000e-05 -2.36381e+00
8.40000e-05 -2.34636e+00
8.50000e-05 -2.32913e+00
8.60000e-05 -2.31214e+00
8.70000e-05 -2.29538e+00
8.80000e-05 -2.27883e+00
8.90000e-05 -2.26251e+00
9.00000e-05 -2.24639e+00
9.10000e-05 -2.23048e+00
9.20000e-05 -2.21478e+00
9.30000e-05 -2.19927e+00
9.40000e-05 -2.18396e+00
9.50000e-05 -2.16885e+00
9.60000e-05 -2.15392e+00
9.70000e-05 -2.13917e+00
9.80000e-05 -2.12460e+00
9.90000e-05 -2.11022e+00
1.00000e-04 -2.09600e+00
1.01000e-04 -2.08196e+00
1.02000e-04 -2.06808e+00
1.03000e-04 -2.05436e+00
1.04000e-04 -2.04081e+00
1.05000e-04 -2.02742e+00
1.06000e-04 -2.01418e+00
1.07000e-04 -2.00109e+00
1.08000e-04 -1.98815e+00
1.09000e-04 -1.97536e+00
1.10000e-04 -1.96271e+00
1.11000e-04 -1.95020e+00
1.12000e-04 -1.93783e+00
1.13000e-04 -1.92560e+00
1.14000e-04 -1.91351e+00
1.15000e-04 -1.90154e+00
1.16000e-04 -1.88971e+00
1.17000e-04 -1.87800e+00
1.18000e-04 -1.86641e+00
1.19000e-04 -1.85495e+00
1.20000e-04 -1.84361e+00
1.21000e-04 -1.83239e+00
1.22000e-04 -1.82129e+00
1.23000e-04 -1.81030e+00
1.24000e-04 -1.79943e+00
1.25000e-04 -1.78866e+00
1.26000e-04 -1.77801e+00
1.27000e-04 -1.76746e+00
1.28000e-04 -1.75702e+00
1.29000e-04 -1.74669e+00
1.30000e-04 -1.73645e+00
1.31000e-04 -1.72632e+00
1.32000e-04 -1.71629e+00
1.33000e-04 -1.70636e+00
1.34000e-04 -1.69652e+00
1.35000e-04 -1.68678e+00
1.36000e-04 -1.67713e+00
1.37000e-04 -1.66757e+00
1.38000e-04 -1.65811e+00
1.39000e-04 -1.64873e+00
1.40000e-04 -1.63944e+00
1.41000e-04 -1.63024e+00
1.42000e-04 -1.62113e+00
1.43000e-04 -1.61209e+00
1.44000e-04 -1.60315e+00
1.45000e-04 -1.59428e+00
1.46000e-04 -1.58550e+00
1.47000e-04 -1.57679e+00
1.48000e-04 -1.56817e+00
1.49000e-04 -1.55962e+00
1.50000e-04 -1.55114e+00
1.51000e-04 -1.54275e+00
1.52000e-04 -1.53442e+00
1.53000e-04 -1.52618e+00
1.54000e-04 -1.51800e+00
1.55000e-04 -1.50989e+00
1.56000e-04 -1.50186e+00
1.57000e-04 -1.49389e+00
1.58000e-04 -1.48599e+00
1.59000e-04 -1.47816e+00
1.60000e-04 -1.47040e+00
1.61000e-04 -1.46270e+00
1.62000e-04 -1.45507e+00
1.63000e-04 -1.44751e+00
1.64000e-04 -1.44000e+00
1.65000e-04 -1.43256e+00
1.66000e-04 -1.42518e+00
1.67000e-04 -1.41786e+00
1.68000e-04 -1.41060e+00
1.69000e-04 -1.40340e+00
1.70000e-04 -1.39626e+00
1.71000e-04 -1.38918e+00
1.72000e-04 -1.38215e+00
1.73000e-04 -1.37518e+00
1.74000e-04 -1.36827e+00
1.75000e-04 -1.36141e+00
1.76000e-04 -1.35461e+00
1.77000e-04 -1.34786e+00
1.78000e-04 -1.34117e+00
1.79000e-04 -1.33452e+00
1.80000e-04 -1.32793e+00
1.81000e-04 -1.32139e+00
1.82000e-04 -1.31490e+00
1.83000e-04 -1.30846e+00
1.84000e-04 -1.30208e+00
1.85000e-04 -1.29574e+00
1.86000e-04 -1.28944e+00
1.87000e-04 -1.28320e+00
1.88000e-04 -1.27700e+00
1.89000e-04 -1.27086e+00
1.90000e-04 -1.26475e+00
1.91000e-04 -1.25870e+00
1.92000e-04 -1.25268e+00
1.93000e-04 -1.24672e+00
1.94000e-04 -1.24079e+00
1.95000e-04 -1.23492e+00
1.96000e-04 -1.22908e+00
1.97000e-04 -1.22329e+00
1.98000e-04 -1.21754e+00
1.99000e-04 -1.21183e+00
2.00000e-04 -1.20616e+00
2.01000e-04 -1.20054e+00
2.02000e-04 -1.19495e+00
2.03000e-04 -1.18941e+00
2.04000e-04 -1.18390e+00
2.05000e-04 -1.17844e+00
2.06000e-04 -1.17301e+00
2.07000e-04 -1.16762e+00
2.08000e-04 -1.16227e+00
2.09000e-04 -1.15696e+00
2.10000e-04 -1.15169e+00
2.11000e-04 -1.14645e+00
2.12000e-04 -1.14125e+00
2.13000e-04 -1.13608e+00
2.14000e-04 -1.13095e+00
2.15000e-04 -1.12586e+00
2.16000e-04 -1.12080e+00
2.17000e-04 -1.11578e+00
2.18000e-04 -1.11079e+00
2.19000e-04 -1.10584e+00
2.20000e-04 -1.10091e+00
2.21000e-04 -1.09603e+00
2.22000e-04 -1.09117e+00
2.23000e-04 -1.08635e+00
2.24000e-04 -1.08156e+00
2.25000e-04 -1.07681e+00
2.26000e-04 -1.07208e+00
2.27000e-04 -1.06739e+00
2.28000e-04 -1.06272e+00
2.29000e-04 -1.05809e+00
2.30000e-04 -1.05349e+00
2.31000e-04 -1.04892e+00
2.32000e-04 -1.04438e+00
2.33000e-04 -1.03987e+00
2.34000e-04 -1.03539e+00
2.35000e-04 -1.03094e+00
2.36000e-04 -1.02652e+00
2.37000e-04 -1.02212e+00
2.38000e-04 -1.01776e+00
2.39000e-04 -1.01342e+00
2.40000e-04 -1.00911e+00
2.41000e-04 -1.00483e+00
2.42000e-04 -1.00058e+00
2.43000e-04 -9.96351e-01
2.44000e-04 -9.92151e-01
2.45000e-04 -9.87978e-01
2.46000e-04 -9.83831e-01
2.47000e-04 -9.79711e-01
2.48000e-04 -9.75617e-01
2.49000e-04 -9.71548e-01
2.50000e-04 -9.67505e-01
2.51000e-04 -9.63487e-01
2.52000e-04 -9.59495e-01
2.53000e-04 -9.55527e-01
2.54000e-04 -9.51584e-01
2.55000e-04 -9.47666e-01
2.56000e-04 -9.43772e-01
2.57000e-04 -9.39901e-01
2.58000e-04 -9.36055e-01
2.59000e-04 -9.32232e-01
2.60000e-04 -9.28433e-01
2.61000e-04 -9.24657e-01
2.62000e-04 -9.20904e-01
2.63000e-04 -9.17174e-01
2.64000e-04 -9.13466e-01
2.65000e-04 -9.09781e-01
2.66000e-04 -9.06119e-01
2.67000e-04 -9.02478e-01
2.68000e-04 -8.98859e-01
2.69000e-04 -8.95262e-01
2.70000e-04 -8.91687e-01
2.71000e-04 -8.88133e-01
2.72000e-04 -8.84600e-01
2.73000e-04 -8.81088e-01
2.74000e-04 -8.77597e-01
2.75000e-04 -8.74127e-01
2.76000e-04 -8.70677e-01
2.77000e-04 -8.67248e-01
2.78000e-04 -8.63839e-01
2.79000e-04 -8.60450e-01
2.80000e-04 -8.57080e-01
2.81000e-04 -8.53731e-01
2.82000e-04 -8.50401e-01
2.83000e-04 -8.47090e-01
2.84000e-04 -8.43799e-01
2.85000e-04 -8.40527e-01
2.86000e-04 -8.37274e-01
2.87000e-04 -8.34039e-01
2.88000e-04 -8.30823e-01
2.89000e-04 -8.27626e-01
2.90000e-04 -8.24447e-01
2.91000e-04 -8.21287e-01
2.92000e-04 -8.18144e-01
2.93000e-04 -8.15020e-01
2.94000e-04 -8.11913e-01
2.95000e-04 -8.08824e-01
2.96000e-04 -8.05752e-01
2.97000e-04 -8.02698e-01
2.98000e-04 -7.99661e-01
2.99000e-04 -7.96642e-01
3.00000e-04 -7.93639e-01
3.01000e-04 -7.90653e-01
3.02000e-04 -7.87684e-01
3.03000e-04 -7.84732e-01
3.04000e-04 -7.81796e-01
3.05000e-04 -7.78877e-01
3.06000e-04 -7.75974e-01
3.07000e-04 -7.73087e-01
3.08000e-04 -7.70216e-01
3.09000e-04 -7.67361e-01
3.10000e-04 -7.64522e-01
3.11000e-04 -7.61698e-01
3.12000e-04 -7.58890e-01
3.13000e-04 -7.56098e-01
3.14000e-04 -7.53321e-01
3.15000e-04 -7.50559e-01
3.16000e-04 -7.47812e-01
3.17000e-04 -7.45080e-01
3.18000e-04 -7.42364e-01
3.19000e-04 -7.39662e-01
3.20000e-04 -7.36974e-01
3.21000e-04 -7.34302e-01
3.22000e-04 -7.31644e-01
3.23000e-04 -7.29000e-01
3.24000e-04 -7.26370e-01
3.25000e-04 -7.23755e-01
3.26000e-04 -7.21154e-01
3.27000e-04 -7.18567e-01
3.28000e-04 -7.15993e-01
3.29000e-04 -7.13434e-01
3.30000e-04 -7.10888e-01
3.31000e-04 -7.08356e-01
3.32000e-04 -7.05837e-01
3.33000e-04 -7.03332e-01
3.34000e-04 -7.00840e-01
3.35000e-04 -6.98362e-01
3.36000e-04 -6.95896e-01
3.37000e-04 -6.93444e-01
3.38000e-04 -6.91004e-01
3.39000e-04 -6.88578e-01
3.40000e-04 -6.86164e-01
3.41000e-04 -6.83763e-01
3.42000e-04 -6.81374e-01
3.43000e-04 -6.78998e-01
3.44000e-04 -6.76635e-01
3.45000e-04 -6.74284e-01
3.46000e-04 -6.71945e-01
3.47000e-04 -6.69618e-01
3.48000e-04 -6.67304e-01
3.49000e-04 -6.65001e-01
3.50000e-04 -6.62711e-01
3.51000e-04 -6.60432e-01
3.52000e-04 -6.58166e-01
3.53000e-04 -6.55911e-01
3.54000e-04 -6.53667e-01
3.55000e-04 -6.51435e-01
3.56000e-04 -6.49215e-01
3.57000e-04 -6.47006e-01
3.58000e-04 -6.44809e-01
3.59000e-04 -6.42622e-01
3.60000e-04 -6.40447e-01
3.61000e-04 -6.38283e-01
3.62000e-04 -6.36130e-01
3.63000e-04 -6.33989e-01
3.64000e-04 -6.31858e-01
3.65000e-04 -6.29737e-01
3.66000e-04 -6.27628e-01
3.67000e-04 -6.25529e-01
3.68000e-04 -6.23441e-01
3.69000e-04 -6.21364e-01
3.70000e-04 -6.19297e-01
3.71000e-04 -6.17241e-01
3.72000e-04 -6.15195e-01
3.73000e-04 -6.13159e-01
3.74000e-04 -6.11133e-01
3.75000e-04 -6.09118e-01
3.76000e-04 -6.07113e-01
3.77000e-04 -6.05117e-01
3.78000e-04 -6.03132e-01
3.79000e-04 -6.01157e-01
3.80000e-04 -5.99191e-01
3.81000e-04 -5.97236e-01
3.82000e-04 -5.95290e-01
3.83000e-04 -5.93354e-01
3.84000e-04 -5.91427e-01
3.85000e-04 -5.89510e-01
3.86000e-04 -5.87603e-01
3.87000e-04 -5.85705e-01
3.88000e-04 -5.83816e-01
3.89000e-04 -5.81937e-01
3.90000e-04 -5.80067e-01
3.91000e-04 -5.78206e-01
3.92000e-04 -5.76354e-01
3.93000e-04 -5.74512e-01
3.94000e-04 -5.72678e-01
3.95000e-04 -5.70854e-01
3.96000e-04 -5.69038e-01
3.97000e-04 -5.67231e-01
3.98000e-04 -5.65434e-01
3.99000e-04 -5.63644e-01
4.00000e-04 -5.61864e-01
4.01000e-04 -5.60092e-01
4.02000e-04 -5.58329e-01
4.03000e-04 -5.56575e-01
4.04000e-04 -5.54829e-01
4.05000e-04 -5.53092e-01
4.06000e-04 -5.51363e-01
4.07000e-04 -5.49642e-01
4.08000e-04 -5.47930e-01
4.09000e-04 -5.46225e-01
4.10000e-04 -5.44530e-01
4.11000e-04 -5.42842e-01
4.12000e-04 -5.41162e-01
4.13000e-04 -5.39491e-01
4.14000e-04 -5.37828e-01
4.15000e-04 -5.36172e-01
4.16000e-04 -5.34525e-01
4.17000e-04 -5.32885e-01
4.18000e-04 -5.31253e-01
4.19000e-04 -5.29629e-01
4.20000e-04 -5.28013e-01
4.21000e-04 -5.26405e-01
4.22000e-04 -5.24804e-01
4.23000e-04 -5.23211e-01
4.24000e-04 -5.21625e-01
4.25000e-04 -5.20047e-01
4.26000e-04 -5.18477e-01
4.27000e-04 -5.16913e-01
4.28000e-04 -5.15358e-01
4.29000e-04 -5.13809e-01
4.30000e-04 -5.12268e-01
4.31000e-04 -5.10735e-01
4.32000e-04 -5.09208e-01
4.33000e-04 -5.07689e-01
4.34000e-04 -5.06177e-01
4.35000e-04 -5.04672e-01
4.36000e-04 -5.03174e-01
4.37000e-04 -5.01683e-01
4.38000e-04 -5.00199e-01
4.39000e-04 -1.00000e+00
4.40000e-04 -1.00000e+00
4.41000e-04 -1.00000e+00
4.42000e-04 -1.00000e+00
4.43000e-04 -1.00000e+00
4.44000e-04 -1.00000e+00
4.45000e-04 -1.00000e+00
4.46000e-04 -1.00000e+00
4.47000e-04 -1.00000e+00
4.48000e-04 -1.00000e+00
4.49000e-04 -1.00000e+00
4.50000e-04 -1.00000e+00
4.51000e-04 -1.00000e+00
4.52000e-04 -1.00000e+00
4.53000e-04 -1.00000e+00
4.54000e-04 -1.00000e+00
4.55000e-04 -1.00000e+00
4.56000e-04 -1.00000e+00
4.57000e-04 -1.00000e+00
4.58000e-04 -1.00000e+00
4.59000e-04 -1.00000e+00
4.60000e-04 -1.00000e+00
4.61000e-04 -1.00000e+00
4.62000e-04 -1.00000e+00
4.63000e-04 -1.00000e+00
4.64000e-04 -1.00000e+00
4.65000e-04 -1.00000e+00
4.66000e-04 -1.00000e+00
4.67000e-04 -1.00000e+00
4.68000e-04 -1.00000e+00
4.69000e-04 -1.00000e+00
4.70000e-04 -1.00000e+00
4.71000e-04 -1.00000e+00
4.72000e-04 -1.00000e+00
4.73000e-04 -1.00000e+00
4.74000e-04 -1.00000e+00
4.75000e-04 -1.00000e+00
4.76000e-04 -1.00000e+00
4.77000e-04 -1.00000e+00
4.78000e-04 -1.00000e+00
4.79000e-04 -1.00000e+00
4.80000e-04 -1.00000e+00
4.81000e-04 -1.00000e+00
4.82000e-04 -1.00000e+00
4.83000e-04 -1.00000e+00
4.84000e-04 -1.00000e+00
4.85000e-04 -1.00000e+00
4.86000e-04 -1.00000e+00
4.87000e-04 -1.00000e+00
4.88000e-04 -1.00000e+00
4.89000e-04 -1.00000e+00
4.90000e-04 -1.00000e+00
4.91000e-04 -1.00000e+00
4.92000e-04 -1.00000e+00
4.93000e-04 -1.00000e+00
4.94000e-04 -1.00000e+00
4.95000e-04 -1.00000e+00
4.96000e-04 -1.00000e+00
4.97000e-04 -1.00000e+00
4.98000e-04 -1.00000e+00
4.99000e-04 -1.00000e+00
5.00000e-04 -1.00000e+00
5.01000e-04 -1.00000e+00
5.02000e-04 -1.00000e+00
5.03000e-04 -1.00000e+00
5.04000e-04 -1.00000e+00
5.05000e-04 -1.00000e+00
5.06000e-04 -1.00000e+00
5.07000e-04 -1.00000e+00
5.08000e-04 -1.00000e+00
5.09000e-04 -1.00000e+00
5.10000e-04 -1.00000e+00
5.11000e-04 -1.00000e+00
5.12000e-04 -1.00000e+00
5.13000e-04 -1.00000e+00
5.14000e-04 -1.00000e+00
5.15000e-04 -1.00000e+00
5.16000e-04 -1.00000e+00
5.17000e-04 -1.00000e+00
5.18000e-04 -1.00000e+00
5.19000e-04 -1.00000e+00
5.20000e-04 -1.00000e+00
5.21000e-04 -1.00000e+00
5.22000e-04 -1.00000e+00
5.23000e-04 -1.00000e+00
5.24000e-04 -1.00000e+00
5.25000e-04 -1.00000e+00
5.26000e-04 -1.00000e+00
5.27000e-04 -1.00000e+00
5.28000e-04 -1.00000e+00
5.29000e-04 -1.00000e+00
5.30000e-04 -1.00000e+00
5.31000e-04 -1.00000e+00
5.32000e-04 -1.00000e+00
5.33000e-04 -1.00000e+00
5.34000e-04 -1.00000e+00
5.35000e-04 -1.00000e+00
5.36000e-04 -1.00000e+00
5.37000e-04 -1.00000e+00
5.38000e-04 -1.00000e+00
5.39000e-04 -1.00000e+00
5.40000e-04 -1.00000e+00
5.41000e-04 5.00000e-02
