0.00000e+00 -5.00000e-02
1.00000e-06 -4.79011e+00
2.00000e-06 -4.79210e+00
3.00000e-06 -4.75949e+00
4.00000e-06 -4.72474e+00
5.00000e-06 -4.68895e+00
6.00000e-06 -4.65210e+00
7.00000e-06 -4.61418e+00
8.00000e-06 -4.57524e+00
9.00000e-06 -4.53533e+00
1.00000e-05 -4.49454e+00
1.10000e-05 -4.45298e+00
1.20000e-05 -4.41074e+00
1.30000e-05 -4.36795e+00
1.40000e-05 -4.32470e+00
1.50000e-05 -4.28113e+00
1.60000e-05 -4.23733e+00
1.70000e-05 -4.19341e+00
1.80000e-05 -4.14947e+00
1.90000e-05 -4.10560e+00
2.00000e-05 -4.06188e+00
2.10000e-05 -4.01839e+00
2.20000e-05 -3.97519e+00
2.30000e-05 -3.93235e+00
2.40000e-05 -3.88992e+00
2.50000e-05 -3.84793e+00
2.60000e-05 -3.80644e+00
2.70000e-05 -3.76546e+00
2.80000e-05 -3.72503e+00
2.90000e-05 -3.68517e+00
3.00000e-05 -3.64590e+00
3.10000e-05 -3.60722e+00
3.20000e-05 -3.56914e+00
3.30000e-05 -3.53168e+00
3.40000e-05 -3.49483e+00
3.50000e-05 -3.45860e+00
3.60000e-05 -3.42298e+00
3.70000e-05 -3.38796e+00
3.80000e-05 -3.35355e+00
3.90000e-05 -3.31974e+00
4.00000e-05 -3.28652e+00
4.10000e-05 -3.25388e+00
4.20000e-05 -3.22181e+00
4.30000e-05 -3.19031e+00
4.40000e-05 -3.15936e+00
4.50000e-05 -3.12895e+00
4.60000e-05 -3.09908e+00
4.70000e-05 -3.06973e+00
4.80000e-05 -3.04089e+00
4.90000e-05 -3.01254e+00
5.00000e-05 -2.98469e+00
5.10000e-05 -2.95732e+00
5.20000e-05 -2.93041e+00
5.30000e-05 -2.90396e+00
5.40000e-05 -2.87795e+00
5.50000e-05 -2.85238e+00
5.60000e-05 -2.82724e+00
5.70000e-05 -2.80251e+00
5.80000e-05 -2.77819e+00
5.90000e-05 -2.75427e+00
6.00000e-05 -2.73073e+00
6.10000e-05 -2.70757e+00
6.20000e-05 -2.68477e+00
6.30000e-05 -2.66234e+00
6.40000e-05 -2.64026e+00
6.50000e-05 -2.61852e+00
6.60000e-05 -2.59712e+00
6.70000e-05 -2.57605e+00
6.80000e-05 -2.55529e+00
6.90000e-05 -2.53485e+00
7.00000e-05 -2.51471e+00
7.10000e-05 -2.49487e+00
7.20000e-05 -2.47533e+00
7.30000e-05 -2.45606e+00
7.40000e-05 -2.43708e+00
7.50000e-05 -2.41837e+00
7.60000e-05 -2.39992e+00
7.70000e-05 -2.38173e+00
7.80000e-05 -2.36380e+00
7.90000e-05 -2.34612e+00
8.00000e-05 -2.32868e+00
8.10000e-05 -2.31147e+00
8.20000e-05 -2.29451e+00
8.30000e-05 -2.27776e+00
8.40000e-05 -2.26125e+00
8.50000e-05 -2.24495e+00
8.60000e-05 -2.22886e+00
8.70000e-05 -2.21298e+00
8.80000e-05 -2.19731e+00
8.90000e-05 -2.18184e+00
9.00000e-05 -2.16657e+00
9.10000e-05 -2.15149e+00
9.20000e-05 -2.13660e+00
9.30000e-05 -2.12189e+00
9.40000e-05 -2.10736e+00
9.50000e-05 -2.09302e+00
9.60000e-05 -2.07884e+00
9.70000e-05 -2.06484e+00
9.80000e-05 -2.05101e+00
9.90000e-05 -2.03734e+00
1.00000e-04 -2.02383e+00
1.01000e-04 -2.01048e+00
1.02000e-04 -1.99729e+00
1.03000e-04 -1.98425e+00
1.04000e-04 -1.97136e+00
1.05000e-04 -1.95861e+00
1.06000e-04 -1.94601e+00
1.07000e-04 -1.93355e+00
1.08000e-04 -1.92123e+00
1.09000e-04 -1.90905e+00
1.10000e-04 -1.89701e+00
1.11000e-04 -1.88509e+00
1.12000e-04 -1.87330e+00
1.13000e-04 -1.86165e+00
1.14000e-04 -1.85011e+00
1.15000e-04 -1.83870e+00
1.16000e-04 -1.82742e+00
1.17000e-04 -1.81625e+00
1.18000e-04 -1.80519e+00
1.19000e-04 -1.79426e+00
1.20000e-04 -1.78343e+00
1.21000e-04 -1.77272e+00
1.22000e-04 -1.76212e+00
1.23000e-04 -1.75162e+00
1.24000e-04 -1.74123e+00
1.25000e-04 -1.73095e+00
1.26000e-04 -1.72077e+00
1.27000e-04 -1.71069e+00
1.28000e-04 -1.70071e+00
1.29000e-04 -1.69082e+00
1.30000e-04 -1.68104e+00
1.31000e-04 -1.67134e+00
1.32000e-04 -1.66175e+00
1.33000e-04 -1.65224e+00
1.34000e-04 -1.64283e+00
1.35000e-04 -1.63350e+00
1.36000e-04 -1.62426e+00
1.37000e-04 -1.61511e+00
1.38000e-04 -1.60605e+00
1.39000e-04 -1.59707e+00
1.40000e-04 -1.58817e+00
1.41000e-04 -1.57936e+00
1.42000e-04 -1.57062e+00
1.43000e-04 -1.56197e+00
1.44000e-04 -1.55339e+00
1.45000e-04 -1.54489e+00
1.46000e-04 -1.53647e+00
1.47000e-04 -1.52812e+00
1.48000e-04 -1.51985e+00
1.49000e-04 -1.51165e+00
1.50000e-04 -1.50352e+00
1.51000e-04 -1.49546e+00
1.52000e-04 -1.48747e+00
1.53000e-04 -1.47956e+00
1.54000e-04 -1.47171e+00
1.55000e-04 -1.46393e+00
1.56000e-04 -1.45621e+00
1.57000e-04 -1.44856e+00
1.58000e-04 -1.44098e+00
1.59000e-04 -1.43346e+00
1.60000e-04 -1.42600e+00
1.61000e-04 -1.41861e+00
1.62000e-04 -1.41127e+00
1.63000e-04 -1.40400e+00
1.64000e-04 -1.39679e+00
1.65000e-04 -1.38963e+00
1.66000e-04 -1.38254e+00
1.67000e-04 -1.37550e+00
1.68000e-04 -1.36852e+00
1.69000e-04 -1.36160e+00
1.70000e-04 -1.35473e+00
1.71000e-04 -1.34792e+00
1.72000e-04 -1.34116e+00
1.73000e-04 -1.33446e+00
1.74000e-04 -1.32781e+00
1.75000e-04 -1.32121e+00
1.76000e-04 -1.31466e+00
1.77000e-04 -1.30817e+00
1.78000e-04 -1.30172e+00
1.79000e-04 -1.29533e+00
1.80000e-04 -1.28898e+00
1.81000e-04 -1.28269e+00
1.82000e-04 -1.27644e+00
1.83000e-04 -1.27024e+00
1.84000e-04 -1.26408e+00
1.85000e-04 -1.25798e+00
1.86000e-04 -1.25192e+00
1.87000e-04 -1.24590e+00
1.88000e-04 -1.23993e+00
1.89000e-04 -1.23401e+00
1.90000e-04 -1.22813e+00
1.91000e-04 -1.22229e+00
1.92000e-04 -1.21650e+00
1.93000e-04 -1.21075e+00
1.94000e-04 -1.20504e+00
1.95000e-04 -1.19937e+00
1.96000e-04 -1.19375e+00
1.97000e-04 -1.18816e+00
1.98000e-04 -1.18262e+00
1.99000e-04 -1.17711e+00
2.00000e-04 -1.17165e+00
2.01000e-04 -1.16622e+00
2.02000e-04 -1.16084e+00
2.03000e-04 -1.15549e+00
2.04000e-04 -1.15018e+00
2.05000e-04 -1.14490e+00
2.06000e-04 -1.13967e+00
2.07000e-04 -1.13447e+00
2.08000e-04 -1.12931e+00
2.09000e-04 -1.12418e+00
2.10000e-04 -1.11909e+00
2.11000e-04 -1.11404e+00
2.12000e-04 -1.10902e+00
2.13000e-04 -1.10403e+00
2.14000e-04 -1.09908e+00
2.15000e-04 -1.09416e+00
2.16000e-04 -1.08928e+00
2.17000e-04 -1.08443e+00
2.18000e-04 -1.07961e+00
2.19000e-04 -1.07483e+00
2.20000e-04 -1.07008e+00
2.21000e-04 -1.06536e+00
2.22000e-04 -1.06067e+00
2.23000e-04 -1.05601e+00
2.24000e-04 -1.05139e+00
2.25000e-04 -1.04679e+00
2.26000e-04 -1.04223e+00
2.27000e-04 -1.03769e+00
2.28000e-04 -1.03319e+00
2.29000e-04 -1.02871e+00
2.30000e-04 -1.02427e+00
2.31000e-04 -1.01985e+00
2.32000e-04 -1.01546e+00
2.33000e-04 -1.01111e+00
2.34000e-04 -1.00678e+00
2.35000e-04 -1.00247e+00
2.36000e-04 -9.98199e-01
2.37000e-04 -9.93953e-01
2.38000e-04 -9.89733e-01
2.39000e-04 -9.85541e-01
2.40000e-04 -9.81375e-01
2.41000e-04 -9.77236e-01
2.42000e-04 -9.73123e-01
2.43000e-04 -9.69037e-01
2.44000e-04 -9.64976e-01
2.45000e-04 -9.60941e-01
2.46000e-04 -9.56931e-01
2.47000e-04 -9.52947e-01
2.48000e-04 -9.48988e-01
2.49000e-04 -9.45053e-01
2.50000e-04 -9.41143e-01
2.51000e-04 -9.37257e-01
2.52000e-04 -9.33395e-01
2.53000e-04 -9.29558e-01
2.54000e-04 -9.25744e-01
2.55000e-04 -9.21953e-01
2.56000e-04 -9.18186e-01
2.57000e-04 -9.14442e-01
2.58000e-04 -9.10721e-01
2.59000e-04 -9.07022e-01
2.60000e-04 -9.03346e-01
2.61000e-04 -8.99693e-01
2.62000e-04 -8.96061e-01
2.63000e-04 -8.92452e-01
2.64000e-04 -8.88864e-01
2.65000e-04 -8.85298e-01
2.66000e-04 -8.81754e-01
2.67000e-04 -8.78230e-01
2.68000e-04 -8.74728e-01
2.69000e-04 -8.71247e-01
2.70000e-04 -8.67786e-01
2.71000e-04 -8.64346e-01
2.72000e-04 -8.60927e-01
2.73000e-04 -8.57528e-01
2.74000e-04 -8.54148e-01
2.75000e-04 -8.50789e-01
2.76000e-04 -8.47450e-01
2.77000e-04 -8.44130e-01
2.78000e-04 -8.40829e-01
2.79000e-04 -8.37548e-01
2.80000e-04 -8.34286e-01
2.81000e-04 -8.31043e-01
2.82000e-04 -8.27819e-01
2.83000e-04 -8.24613e-01
2.84000e-04 -8.21426e-01
2.85000e-04 -8.18258e-01
2.86000e-04 -8.15108e-01
2.87000e-04 -8.11976e-01
2.88000e-04 -8.08861e-01
2.89000e-04 -8.05765e-01
2.90000e-04 -8.02687e-01
2.91000e-04 -7.99626e-01
2.92000e-04 -7.96582e-01
2.93000e-04 -7.93556e-01
2.94000e-04 -7.90547e-01
2.95000e-04 -7.87555e-01
2.96000e-04 -7.84580e-01
2.97000e-04 -7.81622e-01
2.98000e-04 -7.78680e-01
2.99000e-04 -7.75755e-01
3.00000e-04 -7.72847e-01
3.01000e-04 -7.69954e-01
3.02000e-04 -7.67078e-01
3.03000e-04 -7.64218e-01
3.04000e-04 -7.61374e-01
3.05000e-04 -7.58546e-01
3.06000e-04 -7.55733e-01
3.07000e-04 -7.52936e-01
3.08000e-04 -7.50155e-01
3.09000e-04 -7.47389e-01
3.10000e-04 -7.44638e-01
3.11000e-04 -7.41902e-01
3.12000e-04 -7.39182e-01
3.13000e-04 -7.36476e-01
3.14000e-04 -7.33785e-01
3.15000e-04 -7.31109e-01
3.16000e-04 -7.28447e-01
3.17000e-04 -7.25800e-01
3.18000e-04 -7.23168e-01
3.19000e-04 -7.20549e-01
3.20000e-04 -7.17945e-01
3.21000e-04 -7.15355e-01
3.22000e-04 -7.12779e-01
3.23000e-04 -7.10217e-01
3.24000e-04 -7.07669e-01
3.25000e-04 -7.05134e-01
3.26000e-04 -7.02613e-01
3.27000e-04 -7.00106e-01
3.28000e-04 -6.97612e-01
3.29000e-04 -6.95131e-01
3.30000e-04 -6.92664e-01
3.31000e-04 -6.90210e-01
3.32000e-04 -6.87768e-01
3.33000e-04 -6.85340e-01
3.34000e-04 -6.82925e-01
3.35000e-04 -6.80522e-01
3.36000e-04 -6.78132e-01
3.37000e-04 -6.75755e-01
3.38000e-04 -6.73391e-01
3.39000e-04 -6.71038e-01
3.40000e-04 -6.68699e-01
3.41000e-04 -6.66371e-01
3.42000e-04 -6.64056e-01
3.43000e-04 -6.61753e-01
3.44000e-04 -6.59462e-01
3.45000e-04 -6.57182e-01
3.46000e-04 -6.54915e-01
3.47000e-04 -6.52660e-01
3.48000e-04 -6.50416e-01
3.49000e-04 -6.48184e-01
3.50000e-04 -6.45963e-01
3.51000e-04 -6.43754e-01
3.52000e-04 -6.41557e-01
3.53000e-04 -6.39370e-01
3.54000e-04 -6.37195e-01
3.55000e-04 -6.35032e-01
3.56000e-04 -6.32879e-01
3.57000e-04 -6.30737e-01
3.58000e-04 -6.28607e-01
3.59000e-04 -6.26487e-01
3.60000e-04 -6.24378e-01
3.61000e-04 -6.22280e-01
3.62000e-04 -6.20193e-01
3.63000e-04 -6.18116e-01
3.64000e-04 -6.16050e-01
3.65000e-04 -6.13994e-01
3.66000e-04 -6.11949e-01
3.67000e-04 -6.09914e-01
3.68000e-04 -6.07890e-01
3.69000e-04 -6.05875e-01
3.70000e-04 -6.03871e-01
3.71000e-04 -6.01877e-01
3.72000e-04 -5.99893e-01
3.73000e-04 -5.97919e-01
3.74000e-04 -5.95955e-01
3.75000e-04 -5.94001e-01
3.76000e-04 -5.92057e-01
3.77000e-04 -5.90122e-01
3.78000e-04 -5.88197e-01
3.79000e-04 -5.86282e-01
3.80000e-04 -5.84376e-01
3.81000e-04 -5.82480e-01
3.82000e-04 -5.80593e-01
3.83000e-04 -5.78715e-01
3.84000e-04 -5.76847e-01
3.85000e-04 -5.74988e-01
3.86000e-04 -5.73138e-01
3.87000e-04 -5.71298e-01
3.88000e-04 -5.69466e-01
3.89000e-04 -5.67644e-01
3.90000e-04 -5.65830e-01
3.91000e-04 -5.64026e-01
3.92000e-04 -5.62230e-01
3.93000e-04 -5.60444e-01
3.94000e-04 -5.58666e-01
3.95000e-04 -5.56896e-01
3.96000e-04 -5.55136e-01
3.97000e-04 -5.53384e-01
3.98000e-04 -5.51640e-01
3.99000e-04 -5.49905e-01
4.00000e-04 -5.48179e-01
4.01000e-04 -5.46461e-01
4.02000e-04 -5.44751e-01
4.03000e-04 -5.43050e-01
4.04000e-04 -5.41356e-01
4.05000e-04 -5.39672e-01
4.06000e-04 -5.37995e-01
4.07000e-04 -5.36326e-01
4.08000e-04 -5.34666e-01
4.09000e-04 -5.33013e-01
4.10000e-04 -5.31369e-01
4.11000e-04 -5.29732e-01
4.12000e-04 -5.28103e-01
4.13000e-04 -5.26482e-01
4.14000e-04 -5.24869e-01
4.15000e-04 -5.23264e-01
4.16000e-04 -5.21666e-01
4.17000e-04 -5.20076e-01
4.18000e-04 -5.18494e-01
4.19000e-04 -5.16919e-01
4.20000e-04 -5.15352e-01
4.21000e-04 -5.13792e-01
4.22000e-04 -5.12239e-01
4.23000e-04 -5.10694e-01
4.24000e-04 -5.09157e-01
4.25000e-04 -5.07626e-01
4.26000e-04 -5.06103e-01
4.27000e-04 -5.04587e-01
4.28000e-04 -5.03079e-01
4.29000e-04 -5.01577e-01
4.30000e-04 -5.00083e-01
4.31000e-04 -1.00000e+00
4.32000e-04 -1.00000e+00
4.33000e-04 -1.00000e+00
4.34000e-04 -1.00000e+00
4.35000e-04 -1.00000e+00
4.36000e-04 -1.00000e+00
4.37000e-04 -1.00000e+00
4.38000e-04 -1.00000e+00
4.39000e-04 -1.00000e+00
4.40000e-04 -1.00000e+00
4.41000e-04 -1.00000e+00
4.42000e-04 -1.00000e+00
4.43000e-04 -1.00000e+00
4.44000e-04 -1.00000e+00
4.45000e-04 -1.00000e+00
4.46000e-04 -1.00000e+00
4.47000e-04 -1.00000e+00
4.48000e-04 -1.00000e+00
4.49000e-04 -1.00000e+00
4.50000e-04 -1.00000e+00
4.51000e-04 -1.00000e+00
4.52000e-04 -1.00000e+00
4.53000e-04 -1.00000e+00
4.54000e-04 -1.00000e+00
4.55000e-04 -1.00000e+00
4.56000e-04 -1.00000e+00
4.57000e-04 -1.00000e+00
4.58000e-04 -1.00000e+00
4.59000e-04 -1.00000e+00
4.60000e-04 -1.00000e+00
4.61000e-04 -1.00000e+00
4.62000e-04 -1.00000e+00
4.63000e-04 -1.00000e+00
4.64000e-04 -1.00000e+00
4.65000e-04 -1.00000e+00
4.66000e-04 -1.00000e+00
4.67000e-04 -1.00000e+00
4.68000e-04 -1.00000e+00
4.69000e-04 -1.00000e+00
4.70000e-04 -1.00000e+00
4.71000e-04 -1.00000e+00
4.72000e-04 -1.00000e+00
4.73000e-04 -1.00000e+00
4.74000e-04 -1.00000e+00
4.75000e-04 -1.00000e+00
4.76000e-04 -1.00000e+00
4.77000e-04 -1.00000e+00
4.78000e-04 -1.00000e+00
4.79000e-04 -1.00000e+00
4.80000e-04 -1.00000e+00
4.81000e-04 -1.00000e+00
4.82000e-04 -1.00000e+00
4.83000e-04 -1.00000e+00
4.84000e-04 -1.00000e+00
4.85000e-04 -1.00000e+00
4.86000e-04 -1.00000e+00
4.87000e-04 -1.00000e+00
4.88000e-04 -1.00000e+00
4.89000e-04 -1.00000e+00
4.90000e-04 -1.00000e+00
4.91000e-04 -1.00000e+00
4.92000e-04 -1.00000e+00
4.93000e-04 -1.00000e+00
4.94000e-04 -1.00000e+00
4.95000e-04 -1.00000e+00
4.96000e-04 -1.00000e+00
4.97000e-04 -1.00000e+00
4.98000e-04 -1.00000e+00
4.99000e-04 -1.00000e+00
5.00000e-04 -1.00000e+00
5.01000e-04 -1.00000e+00
5.02000e-04 -1.00000e+00
5.03000e-04 -1.00000e+00
5.04000e-04 -1.00000e+00
5.05000e-04 -1.00000e+00
5.06000e-04 -1.00000e+00
5.07000e-04 -1.00000e+00
5.08000e-04 -1.00000e+00
5.09000e-04 -1.00000e+00
5.10000e-04 -1.00000e+00
5.11000e-04 -1.00000e+00
5.12000e-04 -1.00000e+00
5.13000e-04 -1.00000e+00
5.14000e-04 -1.00000e+00
5.15000e-04 -1.00000e+00
5.16000e-04 -1.00000e+00
5.17000e-04 -1.00000e+00
5.18000e-04 -1.00000e+00
5.19000e-04 -1.00000e+00
5.20000e-04 -1.00000e+00
5.21000e-04 -1.00000e+00
5.22000e-04 -1.00000e+00
5.23000e-04 -1.00000e+00
5.24000e-04 -1.00000e+00
5.25000e-04 -1.00000e+00
5.26000e-04 -1.00000e+00
5.27000e-04 -1.00000e+00
5.28000e-04 -1.00000e+00
5.29000e-04 -1.00000e+00
5.30000e-04 -1.00000e+00
5.31000e-04 -1.00000e+00
5.32000e-04 5.00000e-02
