0.00000e+00 -5.00000e-02
1.00000e-06 -4.55548e+00
2.00000e-06 -4.55930e+00
3.00000e-06 -4.50651e+00
4.00000e-06 -4.45080e+00
5.00000e-06 -4.39548e+00
6.00000e-06 -4.34070e+00
7.00000e-06 -4.28647e+00
8.00000e-06 -4.23282e+00
9.00000e-06 -4.17980e+00
1.00000e-05 -4.12747e+00
1.10000e-05 -4.07586e+00
1.20000e-05 -4.02503e+00
1.30000e-05 -3.97501e+00
1.40000e-05 -3.92583e+00
1.50000e-05 -3.87752e+00
1.60000e-05 -3.83010e+00
1.70000e-05 -3.78357e+00
1.80000e-05 -3.73794e+00
1.90000e-05 -3.69323e+00
2.00000e-05 -3.64941e+00
2.10000e-05 -3.60649e+00
2.20000e-05 -3.56445e+00
2.30000e-05 -3.52329e+00
2.40000e-05 -3.48299e+00
2.50000e-05 -3.44354e+00
2.60000e-05 -3.40491e+00
2.70000e-05 -3.36710e+00
2.80000e-05 -3.33008e+00
2.90000e-05 -3.29383e+00
3.00000e-05 -3.25834e+00
3.10000e-05 -3.22358e+00
3.20000e-05 -3.18954e+00
3.30000e-05 -3.15619e+00
3.40000e-05 -3.12353e+00
3.50000e-05 -3.09152e+00
3.60000e-05 -3.06015e+00
3.70000e-05 -3.02941e+00
3.80000e-05 -2.99927e+00
3.90000e-05 -2.96972e+00
4.00000e-05 -2.94074e+00
4.10000e-05 -2.91232e+00
4.20000e-05 -2.88444e+00
4.30000e-05 -2.85708e+00
4.40000e-05 -2.83023e+00
4.50000e-05 -2.80387e+00
4.60000e-05 -2.77800e+00
4.70000e-05 -2.75259e+00
4.80000e-05 -2.72763e+00
4.90000e-05 -2.70312e+00
5.00000e-05 -2.67904e+00
5.10000e-05 -2.65538e+00
5.20000e-05 -2.63212e+00
5.30000e-05 -2.60925e+00
5.40000e-05 -2.58678e+00
5.50000e-05 -2.56467e+00
5.60000e-05 -2.54293e+00
5.70000e-05 -2.52155e+00
5.80000e-05 -2.50051e+00
5.90000e-05 -2.47981e+00
6.00000e-05 -2.45944e+00
6.10000e-05 -2.43938e+00
6.20000e-05 -2.41964e+00
6.30000e-05 -2.40020e+00
6.40000e-05 -2.38106e+00
6.50000e-05 -2.36221e+00
6.60000e-05 -2.34363e+00
6.70000e-05 -2.32534e+00
6.80000e-05 -2.30731e+00
6.90000e-05 -2.28955e+00
7.00000e-05 -2.27204e+00
7.10000e-05 -2.25478e+00
7.20000e-05 -2.23777e+00
7.30000e-05 -2.22099e+00
7.40000e-05 -2.20445e+00
7.50000e-05 -2.18813e+00
7.60000e-05 -2.17204e+00
7.70000e-05 -2.15617e+00
7.80000e-05 -2.14051e+00
7.90000e-05 -2.12506e+00
8.00000e-05 -2.10981e+00
8.10000e-05 -2.09476e+00
8.20000e-05 -2.07991e+00
8.30000e-05 -2.06525e+00
8.40000e-05 -2.05077e+00
8.50000e-05 -2.03648e+00
8.60000e-05 -2.02237e+00
8.70000e-05 -2.00844e+00
8.80000e-05 -1.99467e+00
8.90000e-05 -1.98108e+00
9.00000e-05 -1.96765e+00
9.10000e-05 -1.95439e+00
9.20000e-05 -1.94128e+00
9.30000e-05 -1.92833e+00
9.40000e-05 -1.91554e+00
9.50000e-05 -1.90289e+00
9.60000e-05 -1.89039e+00
9.70000e-05 -1.87804e+00
9.80000e-05 -1.86582e+00
9.90000e-05 -1.85375e+00
1.00000e-04 -1.84181e+00
1.01000e-04 -1.83001e+00
1.02000e-04 -1.81834e+00
1.03000e-04 -1.80680e+00
1.04000e-04 -1.79539e+00
1.05000e-04 -1.78410e+00
1.06000e-04 -1.77294e+00
1.07000e-04 -1.76189e+00
1.08000e-04 -1.75096e+00
1.09000e-04 -1.74015e+00
1.10000e-04 -1.72946e+00
1.11000e-04 -1.71888e+00
1.12000e-04 -1.70841e+00
1.13000e-04 -1.69804e+00
1.14000e-04 -1.68779e+00
1.15000e-04 -1.67764e+00
1.16000e-04 -1.66759e+00
1.17000e-04 -1.65764e+00
1.18000e-04 -1.64780e+00
1.19000e-04 -1.63805e+00
1.20000e-04 -1.62841e+00
1.21000e-04 -1.61885e+00
1.22000e-04 -1.60939e+00
1.23000e-04 -1.60003e+00
1.24000e-04 -1.59075e+00
1.25000e-04 -1.58157e+00
1.26000e-04 -1.57247e+00
1.27000e-04 -1.56346e+00
1.28000e-04 -1.55454e+00
1.29000e-04 -1.54570e+00
1.30000e-04 -1.53694e+00
1.31000e-04 -1.52827e+00
1.32000e-04 -1.51968e+00
1.33000e-04 -1.51117e+00
1.34000e-04 -1.50273e+00
1.35000e-04 -1.49438e+00
1.36000e-04 -1.48610e+00
1.37000e-04 -1.47789e+00
1.38000e-04 -1.46976e+00
1.39000e-04 -1.46170e+00
1.40000e-04 -1.45372e+00
1.41000e-04 -1.44580e+00
1.42000e-04 -1.43796e+00
1.43000e-04 -1.43018e+00
1.44000e-04 -1.42248e+00
1.45000e-04 -1.41484e+00
1.46000e-04 -1.40726e+00
1.47000e-04 -1.39976e+00
1.48000e-04 -1.39231e+00
1.49000e-04 -1.38494e+00
1.50000e-04 -1.37762e+00
1.51000e-04 -1.37037e+00
1.52000e-04 -1.36318e+00
1.53000e-04 -1.35604e+00
1.54000e-04 -1.34897e+00
1.55000e-04 -1.34196e+00
1.56000e-04 -1.33501e+00
1.57000e-04 -1.32811e+00
1.58000e-04 -1.32127e+00
1.59000e-04 -1.31449e+00
1.60000e-04 -1.30776e+00
1.61000e-04 -1.30108e+00
1.62000e-04 -1.29446e+00
1.63000e-04 -1.28790e+00
1.64000e-04 -1.28139e+00
1.65000e-04 -1.27493e+00
1.66000e-04 -1.26852e+00
1.67000e-04 -1.26216e+00
1.68000e-04 -1.25585e+00
1.69000e-04 -1.24959e+00
1.70000e-04 -1.24338e+00
1.71000e-04 -1.23722e+00
1.72000e-04 -1.23111e+00
1.73000e-04 -1.22504e+00
1.74000e-04 -1.21902e+00
1.75000e-04 -1.21305e+00
1.76000e-04 -1.20713e+00
1.77000e-04 -1.20125e+00
1.78000e-04 -1.19541e+00
1.79000e-04 -1.18962e+00
1.80000e-04 -1.18387e+00
1.81000e-04 -1.17816e+00
1.82000e-04 -1.17250e+00
1.83000e-04 -1.16688e+00
1.84000e-04 -1.16131e+00
1.85000e-04 -1.15577e+00
1.86000e-04 -1.15027e+00
1.87000e-04 -1.14482e+00
1.88000e-04 -1.13940e+00
1.89000e-04 -1.13403e+00
1.90000e-04 -1.12869e+00
1.91000e-04 -1.12340e+00
1.92000e-04 -1.11814e+00
1.93000e-04 -1.11292e+00
1.94000e-04 -1.10773e+00
1.95000e-04 -1.10259e+00
1.96000e-04 -1.09748e+00
1.97000e-04 -1.09241e+00
1.98000e-04 -1.08737e+00
1.99000e-04 -1.08237e+00
2.00000e-04 -1.07740e+00
2.01000e-04 -1.07247e+00
2.02000e-04 -1.06758e+00
2.03000e-04 -1.06272e+00
2.04000e-04 -1.05789e+00
2.05000e-04 -1.05309e+00
2.06000e-04 -1.04833e+00
2.07000e-04 -1.04361e+00
2.08000e-04 -1.03891e+00
2.09000e-04 -1.03425e+00
2.10000e-04 -1.02962e+00
2.11000e-04 -1.02502e+00
2.12000e-04 -1.02045e+00
2.13000e-04 -1.01591e+00
2.14000e-04 -1.01141e+00
2.15000e-04 -1.00693e+00
2.16000e-04 -1.00248e+00
2.17000e-04 -9.98068e-01
2.18000e-04 -9.93682e-01
2.19000e-04 -9.89325e-01
2.20000e-04 -9.84997e-01
2.21000e-04 -9.80697e-01
2.22000e-04 -9.76427e-01
2.23000e-04 -9.72184e-01
2.24000e-04 -9.67969e-01
2.25000e-04 -9.63783e-01
2.26000e-04 -9.59623e-01
2.27000e-04 -9.55491e-01
2.28000e-04 -9.51386e-01
2.29000e-04 -9.47307e-01
2.30000e-04 -9.43255e-01
2.31000e-04 -9.39229e-01
2.32000e-04 -9.35229e-01
2.33000e-04 -9.31255e-01
2.34000e-04 -9.27306e-01
2.35000e-04 -9.23382e-01
2.36000e-04 -9.19484e-01
2.37000e-04 -9.15610e-01
2.38000e-04 -9.11761e-01
2.39000e-04 -9.07937e-01
2.40000e-04 -9.04137e-01
2.41000e-04 -9.00360e-01
2.42000e-04 -8.96608e-01
2.43000e-04 -8.92879e-01
2.44000e-04 -8.89173e-01
2.45000e-04 -8.85490e-01
2.46000e-04 -8.81831e-01
2.47000e-04 -8.78194e-01
2.48000e-04 -8.74580e-01
2.49000e-04 -8.70988e-01
2.50000e-04 -8.67418e-01
2.51000e-04 -8.63871e-01
2.52000e-04 -8.60345e-01
2.53000e-04 -8.56841e-01
2.54000e-04 -8.53358e-01
2.55000e-04 -8.49896e-01
2.56000e-04 -8.46456e-01
2.57000e-04 -8.43036e-01
2.58000e-04 -8.39638e-01
2.59000e-04 -8.36260e-01
2.60000e-04 -8.32902e-01
2.61000e-04 -8.29564e-01
2.62000e-04 -8.26247e-01
2.63000e-04 -8.22950e-01
2.64000e-04 -8.19672e-01
2.65000e-04 -8.16414e-01
2.66000e-04 -8.13175e-01
2.67000e-04 -8.09956e-01
2.68000e-04 -8.06755e-01
2.69000e-04 -8.03574e-01
2.70000e-04 -8.00412e-01
2.71000e-04 -7.97268e-01
2.72000e-04 -7.94143e-01
2.73000e-04 -7.91036e-01
2.74000e-04 -7.87947e-01
2.75000e-04 -7.84877e-01
2.76000e-04 -7.81824e-01
2.77000e-04 -7.78789e-01
2.78000e-04 -7.75772e-01
2.79000e-04 -7.72773e-01
2.80000e-04 -7.69790e-01
2.81000e-04 -7.66826e-01
2.82000e-04 -7.63878e-01
2.83000e-04 -7.60947e-01
2.84000e-04 -7.58033e-01
2.85000e-04 -7.55136e-01
2.86000e-04 -7.52256e-01
2.87000e-04 -7.49392e-01
2.88000e-04 -7.46544e-01
2.89000e-04 -7.43713e-01
2.90000e-04 -7.40898e-01
2.91000e-04 -7.38098e-01
2.92000e-04 -7.35315e-01
2.93000e-04 -7.32547e-01
2.94000e-04 -7.29796e-01
2.95000e-04 -7.27059e-01
2.96000e-04 -7.24338e-01
2.97000e-04 -7.21633e-01
2.98000e-04 -7.18942e-01
2.99000e-04 -7.16267e-01
3.00000e-04 -7.13606e-01
3.01000e-04 -7.10961e-01
3.02000e-04 -7.08330e-01
3.03000e-04 -7.05714e-01
3.04000e-04 -7.03112e-01
3.05000e-04 -7.00525e-01
3.06000e-04 -6.97952e-01
3.07000e-04 -6.95394e-01
3.08000e-04 -6.92849e-01
3.09000e-04 -6.90319e-01
3.10000e-04 -6.87803e-01
3.11000e-04 -6.85300e-01
3.12000e-04 -6.82811e-01
3.13000e-04 -6.80336e-01
3.14000e-04 -6.77874e-01
3.15000e-04 -6.75426e-01
3.16000e-04 -6.72991e-01
3.17000e-04 -6.70569e-01
3.18000e-04 -6.68161e-01
3.19000e-04 -6.65765e-01
3.20000e-04 -6.63383e-01
3.21000e-04 -6.61013e-01
3.22000e-04 -6.58656e-01
3.23000e-04 -6.56312e-01
3.24000e-04 -6.53981e-01
3.25000e-04 -6.51662e-01
3.26000e-04 -6.49356e-01
3.27000e-04 -6.47062e-01
3.28000e-04 -6.44780e-01
3.29000e-04 -6.42510e-01
3.30000e-04 -6.40253e-01
3.31000e-04 -6.38007e-01
3.32000e-04 -6.35774e-01
3.33000e-04 -6.33552e-01
3.34000e-04 -6.31343e-01
3.35000e-04 -6.29145e-01
3.36000e-04 -6.26958e-01
3.37000e-04 -6.24783e-01
3.38000e-04 -6.22620e-01
3.39000e-04 -6.20468e-01
3.40000e-04 -6.18327e-01
3.41000e-04 -6.16198e-01
3.42000e-04 -6.14080e-01
3.43000e-04 -6.11973e-01
3.44000e-04 -6.09876e-01
3.45000e-04 -6.07791e-01
3.46000e-04 -6.05717e-01
3.47000e-04 -6.03654e-01
3.48000e-04 -6.01601e-01
3.49000e-04 -5.99559e-01
3.50000e-04 -5.97528e-01
3.51000e-04 -5.95507e-01
3.52000e-04 -5.93497e-01
3.53000e-04 -5.91497e-01
3.54000e-04 -5.89507e-01
3.55000e-04 -5.87528e-01
3.56000e-04 -5.85559e-01
3.57000e-04 -5.83600e-01
3.58000e-04 -5.81651e-01
3.59000e-04 -5.79712e-01
3.60000e-04 -5.77783e-01
3.61000e-04 -5.75864e-01
3.62000e-04 -5.73955e-01
3.63000e-04 -5.72055e-01
3.64000e-04 -5.70165e-01
3.65000e-04 -5.68285e-01
3.66000e-04 -5.66415e-01
3.67000e-04 -5.64554e-01
3.68000e-04 -5.62702e-01
3.69000e-04 -5.60860e-01
3.70000e-04 -5.59027e-01
3.71000e-04 -5.57203e-01
3.72000e-04 -5.55389e-01
3.73000e-04 -5.53584e-01
3.74000e-04 -5.51788e-01
3.75000e-04 -5.50001e-01
3.76000e-04 -5.48223e-01
3.77000e-04 -5.46453e-01
3.78000e-04 -5.44693e-01
3.79000e-04 -5.42942e-01
3.80000e-04 -5.41199e-01
3.81000e-04 -5.39465e-01
3.82000e-04 -5.37740e-01
3.83000e-04 -5.36024e-01
3.84000e-04 -5.34316e-01
3.85000e-04 -5.32616e-01
3.86000e-04 -5.30925e-01
3.87000e-04 -5.29242e-01
3.88000e-04 -5.27568e-01
3.89000e-04 -5.25902e-01
3.90000e-04 -5.24244e-01
3.91000e-04 -5.22595e-01
3.92000e-04 -5.20953e-01
3.93000e-04 -5.19320e-01
3.94000e-04 -5.17695e-01
3.95000e-04 -5.16078e-01
3.96000e-04 -5.14469e-01
3.97000e-04 -5.12867e-01
3.98000e-04 -5.11274e-01
3.99000e-04 -5.09688e-01
4.00000e-04 -5.08111e-01
4.01000e-04 -5.06541e-01
4.02000e-04 -5.04978e-01
4.03000e-04 -5.03423e-01
4.04000e-04 -5.01876e-01
4.05000e-04 -5.00337e-01
4.06000e-04 -1.00000e+00
4.07000e-04 -1.00000e+00
4.08000e-04 -1.00000e+00
4.09000e-04 -1.00000e+00
4.10000e-04 -1.00000e+00
4.11000e-04 -1.00000e+00
4.12000e-04 -1.00000e+00
4.13000e-04 -1.00000e+00
4.14000e-04 -1.00000e+00
4.15000e-04 -1.00000e+00
4.16000e-04 -1.00000e+00
4.17000e-04 -1.00000e+00
4.18000e-04 -1.00000e+00
4.19000e-04 -1.00000e+00
4.20000e-04 -1.00000e+00
4.21000e-04 -1.00000e+00
4.22000e-04 -1.00000e+00
4.23000e-04 -1.00000e+00
4.24000e-04 -1.00000e+00
4.25000e-04 -1.00000e+00
4.26000e-04 -1.00000e+00
4.27000e-04 -1.00000e+00
4.28000e-04 -1.00000e+00
4.29000e-04 -1.00000e+00
4.30000e-04 -1.00000e+00
4.31000e-04 -1.00000e+00
4.32000e-04 -1.00000e+00
4.33000e-04 -1.00000e+00
4.34000e-04 -1.00000e+00
4.35000e-04 -1.00000e+00
4.36000e-04 -1.00000e+00
4.37000e-04 -1.00000e+00
4.38000e-04 -1.00000e+00
4.39000e-04 -1.00000e+00
4.40000e-04 -1.00000e+00
4.41000e-04 -1.00000e+00
4.42000e-04 -1.00000e+00
4.43000e-04 -1.00000e+00
4.44000e-04 -1.00000e+00
4.45000e-04 -1.00000e+00
4.46000e-04 -1.00000e+00
4.47000e-04 -1.00000e+00
4.48000e-04 -1.00000e+00
4.49000e-04 -1.00000e+00
4.50000e-04 -1.00000e+00
4.51000e-04 -1.00000e+00
4.52000e-04 -1.00000e+00
4.53000e-04 -1.00000e+00
4.54000e-04 -1.00000e+00
4.55000e-04 -1.00000e+00
4.56000e-04 -1.00000e+00
4.57000e-04 -1.00000e+00
4.58000e-04 -1.00000e+00
4.59000e-04 -1.00000e+00
4.60000e-04 -1.00000e+00
4.61000e-04 -1.00000e+00
4.62000e-04 -1.00000e+00
4.63000e-04 -1.00000e+00
4.64000e-04 -1.00000e+00
4.65000e-04 -1.00000e+00
4.66000e-04 -1.00000e+00
4.67000e-04 -1.00000e+00
4.68000e-04 -1.00000e+00
4.69000e-04 -1.00000e+00
4.70000e-04 -1.00000e+00
4.71000e-04 -1.00000e+00
4.72000e-04 -1.00000e+00
4.73000e-04 -1.00000e+00
4.74000e-04 -1.00000e+00
4.75000e-04 -1.00000e+00
4.76000e-04 -1.00000e+00
4.77000e-04 -1.00000e+00
4.78000e-04 -1.00000e+00
4.79000e-04 -1.00000e+00
4.80000e-04 -1.00000e+00
4.81000e-04 -1.00000e+00
4.82000e-04 -1.00000e+00
4.83000e-04 -1.00000e+00
4.84000e-04 -1.00000e+00
4.85000e-04 -1.00000e+00
4.86000e-04 -1.00000e+00
4.87000e-04 -1.00000e+00
4.88000e-04 -1.00000e+00
4.89000e-04 -1.00000e+00
4.90000e-04 -1.00000e+00
4.91000e-04 -1.00000e+00
4.92000e-04 -1.00000e+00
4.93000e-04 -1.00000e+00
4.94000e-04 -1.00000e+00
4.95000e-04 -1.00000e+00
4.96000e-04 -1.00000e+00
4.97000e-04 -1.00000e+00
4.98000e-04 -1.00000e+00
4.99000e-04 -1.00000e+00
5.00000e-04 -1.00000e+00
5.01000e-04 -1.00000e+00
5.02000e-04 -1.00000e+00
5.03000e-04 -1.00000e+00
5.04000e-04 5.00000e-02
