0.00000e+00 -5.00000e-02
1.00000e-06 -4.77808e+00
2.00000e-06 -4.78018e+00
3.00000e-06 -4.74617e+00
4.00000e-06 -4.70996e+00
5.00000e-06 -4.67276e+00
6.00000e-06 -4.63455e+00
7.00000e-06 -4.59534e+00
8.00000e-06 -4.55517e+00
9.00000e-06 -4.51412e+00
1.00000e-05 -4.47227e+00
1.10000e-05 -4.42974e+00
1.20000e-05 -4.38662e+00
1.30000e-05 -4.34304e+00
1.40000e-05 -4.29910e+00
1.50000e-05 -4.25492e+00
1.60000e-05 -4.21060e+00
1.70000e-05 -4.16625e+00
1.80000e-05 -4.12196e+00
1.90000e-05 -4.07781e+00
2.00000e-05 -4.03388e+00
2.10000e-05 -3.99025e+00
2.20000e-05 -3.94697e+00
2.30000e-05 -3.90410e+00
2.40000e-05 -3.86168e+00
2.50000e-05 -3.81976e+00
2.60000e-05 -3.77836e+00
2.70000e-05 -3.73752e+00
2.80000e-05 -3.69726e+00
2.90000e-05 -3.65759e+00
3.00000e-05 -3.61852e+00
3.10000e-05 -3.58007e+00
3.20000e-05 -3.54225e+00
3.30000e-05 -3.50504e+00
3.40000e-05 -3.46847e+00
3.50000e-05 -3.43251e+00
3.60000e-05 -3.39718e+00
3.70000e-05 -3.36246e+00
3.80000e-05 -3.32835e+00
3.90000e-05 -3.29483e+00
4.00000e-05 -3.26192e+00
4.10000e-05 -3.22958e+00
4.20000e-05 -3.19781e+00
4.30000e-05 -3.16661e+00
4.40000e-05 -3.13596e+00
4.50000e-05 -3.10585e+00
4.60000e-05 -3.07628e+00
4.70000e-05 -3.04722e+00
4.80000e-05 -3.01866e+00
4.90000e-05 -2.99061e+00
5.00000e-05 -2.96304e+00
5.10000e-05 -2.93594e+00
5.20000e-05 -2.90931e+00
5.30000e-05 -2.88313e+00
5.40000e-05 -2.85739e+00
5.50000e-05 -2.83208e+00
5.60000e-05 -2.80719e+00
5.70000e-05 -2.78272e+00
5.80000e-05 -2.75865e+00
5.90000e-05 -2.73496e+00
6.00000e-05 -2.71166e+00
6.10000e-05 -2.68874e+00
6.20000e-05 -2.66618e+00
6.30000e-05 -2.64397e+00
6.40000e-05 -2.62211e+00
6.50000e-05 -2.60060e+00
6.60000e-05 -2.57941e+00
6.70000e-05 -2.55854e+00
6.80000e-05 -2.53799e+00
6.90000e-05 -2.51775e+00
7.00000e-05 -2.49782e+00
7.10000e-05 -2.47817e+00
7.20000e-05 -2.45882e+00
7.30000e-05 -2.43974e+00
7.40000e-05 -2.42094e+00
7.50000e-05 -2.40241e+00
7.60000e-05 -2.38414e+00
7.70000e-05 -2.36613e+00
7.80000e-05 -2.34837e+00
7.90000e-05 -2.33085e+00
8.00000e-05 -2.31357e+00
8.10000e-05 -2.29653e+00
8.20000e-05 -2.27972e+00
8.30000e-05 -2.26314e+00
8.40000e-05 -2.24677e+00
8.50000e-05 -2.23062e+00
8.60000e-05 -2.21469e+00
8.70000e-05 -2.19895e+00
8.80000e-05 -2.18343e+00
8.90000e-05 -2.16809e+00
9.00000e-05 -2.15296e+00
9.10000e-05 -2.13801e+00
9.20000e-05 -2.12325e+00
9.30000e-05 -2.10868e+00
9.40000e-05 -2.09428e+00
9.50000e-05 -2.08006e+00
9.60000e-05 -2.06601e+00
9.70000e-05 -2.05213e+00
9.80000e-05 -2.03842e+00
9.90000e-05 -2.02487e+00
1.00000e-04 -2.01147e+00
1.01000e-04 -1.99824e+00
1.02000e-04 -1.98516e+00
1.03000e-04 -1.97223e+00
1.04000e-04 -1.95944e+00
1.05000e-04 -1.94681e+00
1.06000e-04 -1.93431e+00
1.07000e-04 -1.92196e+00
1.08000e-04 -1.90974e+00
1.09000e-04 -1.89766e+00
1.10000e-04 -1.88571e+00
1.11000e-04 -1.87389e+00
1.12000e-04 -1.86220e+00
1.13000e-04 -1.85064e+00
1.14000e-04 -1.83920e+00
1.15000e-04 -1.82788e+00
1.16000e-04 -1.81669e+00
1.17000e-04 -1.80560e+00
1.18000e-04 -1.79464e+00
1.19000e-04 -1.78379e+00
1.20000e-04 -1.77305e+00
1.21000e-04 -1.76242e+00
1.22000e-04 -1.75190e+00
1.23000e-04 -1.74149e+00
1.24000e-04 -1.73118e+00
1.25000e-04 -1.72098e+00
1.26000e-04 -1.71087e+00
1.27000e-04 -1.70087e+00
1.28000e-04 -1.69097e+00
1.29000e-04 -1.68116e+00
1.30000e-04 -1.67145e+00
1.31000e-04 -1.66183e+00
1.32000e-04 -1.65230e+00
1.33000e-04 -1.64287e+00
1.34000e-04 -1.63352e+00
1.35000e-04 -1.62427e+00
1.36000e-04 -1.61510e+00
1.37000e-04 -1.60602e+00
1.38000e-04 -1.59702e+00
1.39000e-04 -1.58810e+00
1.40000e-04 -1.57927e+00
1.41000e-04 -1.57052e+00
1.42000e-04 -1.56185e+00
1.43000e-04 -1.55326e+00
1.44000e-04 -1.54474e+00
1.45000e-04 -1.53631e+00
1.46000e-04 -1.52794e+00
1.47000e-04 -1.51966e+00
1.48000e-04 -1.51144e+00
1.49000e-04 -1.50330e+00
1.50000e-04 -1.49523e+00
1.51000e-04 -1.48723e+00
1.52000e-04 -1.47930e+00
1.53000e-04 -1.47144e+00
1.54000e-04 -1.46364e+00
1.55000e-04 -1.45591e+00
1.56000e-04 -1.44825e+00
1.57000e-04 -1.44066e+00
1.58000e-04 -1.43313e+00
1.59000e-04 -1.42566e+00
1.60000e-04 -1.41825e+00
1.61000e-04 -1.41091e+00
1.62000e-04 -1.40362e+00
1.63000e-04 -1.39640e+00
1.64000e-04 -1.38924e+00
1.65000e-04 -1.38213e+00
1.66000e-04 -1.37509e+00
1.67000e-04 -1.36810e+00
1.68000e-04 -1.36117e+00
1.69000e-04 -1.35429e+00
1.70000e-04 -1.34747e+00
1.71000e-04 -1.34070e+00
1.72000e-04 -1.33399e+00
1.73000e-04 -1.32733e+00
1.74000e-04 -1.32072e+00
1.75000e-04 -1.31417e+00
1.76000e-04 -1.30767e+00
1.77000e-04 -1.30121e+00
1.78000e-04 -1.29481e+00
1.79000e-04 -1.28846e+00
1.80000e-04 -1.28215e+00
1.81000e-04 -1.27590e+00
1.82000e-04 -1.26969e+00
1.83000e-04 -1.26353e+00
1.84000e-04 -1.25742e+00
1.85000e-04 -1.25135e+00
1.86000e-04 -1.24533e+00
1.87000e-04 -1.23935e+00
1.88000e-04 -1.23342e+00
1.89000e-04 -1.22754e+00
1.90000e-04 -1.22169e+00
1.91000e-04 -1.21589e+00
1.92000e-04 -1.21014e+00
1.93000e-04 -1.20442e+00
1.94000e-04 -1.19875e+00
1.95000e-04 -1.19312e+00
1.96000e-04 -1.18753e+00
1.97000e-04 -1.18198e+00
1.98000e-04 -1.17647e+00
1.99000e-04 -1.17100e+00
2.00000e-04 -1.16557e+00
2.01000e-04 -1.16018e+00
2.02000e-04 -1.15483e+00
2.03000e-04 -1.14951e+00
2.04000e-04 -1.14423e+00
2.05000e-04 -1.13899e+00
2.06000e-04 -1.13379e+00
2.07000e-04 -1.12863e+00
2.08000e-04 -1.12350e+00
2.09000e-04 -1.11840e+00
2.10000e-04 -1.11334e+00
2.11000e-04 -1.10832e+00
2.12000e-04 -1.10333e+00
2.13000e-04 -1.09838e+00
2.14000e-04 -1.09345e+00
2.15000e-04 -1.08857e+00
2.16000e-04 -1.08371e+00
2.17000e-04 -1.07889e+00
2.18000e-04 -1.07411e+00
2.19000e-04 -1.06935e+00
2.20000e-04 -1.06463e+00
2.21000e-04 -1.05994e+00
2.22000e-04 -1.05528e+00
2.23000e-04 -1.05065e+00
2.24000e-04 -1.04605e+00
2.25000e-04 -1.04148e+00
2.26000e-04 -1.03695e+00
2.27000e-04 -1.03244e+00
2.28000e-04 -1.02796e+00
2.29000e-04 -1.02351e+00
2.30000e-04 -1.01910e+00
2.31000e-04 -1.01471e+00
2.32000e-04 -1.01034e+00
2.33000e-04 -1.00601e+00
2.34000e-04 -1.00171e+00
2.35000e-04 -9.97431e-01
2.36000e-04 -9.93182e-01
2.37000e-04 -9.88961e-01
2.38000e-04 -9.84766e-01
2.39000e-04 -9.80599e-01
2.40000e-04 -9.76458e-01
2.41000e-04 -9.72343e-01
2.42000e-04 -9.68255e-01
2.43000e-04 -9.64192e-01
2.44000e-04 -9.60156e-01
2.45000e-04 -9.56144e-01
2.46000e-04 -9.52158e-01
2.47000e-04 -9.48197e-01
2.48000e-04 -9.44261e-01
2.49000e-04 -9.40350e-01
2.50000e-04 -9.36462e-01
2.51000e-04 -9.32599e-01
2.52000e-04 -9.28760e-01
2.53000e-04 -9.24945e-01
2.54000e-04 -9.21153e-01
2.55000e-04 -9.17385e-01
2.56000e-04 -9.13639e-01
2.57000e-04 -9.09917e-01
2.58000e-04 -9.06217e-01
2.59000e-04 -9.02540e-01
2.60000e-04 -8.98886e-01
2.61000e-04 -8.95253e-01
2.62000e-04 -8.91643e-01
2.63000e-04 -8.88054e-01
2.64000e-04 -8.84488e-01
2.65000e-04 -8.80942e-01
2.66000e-04 -8.77418e-01
2.67000e-04 -8.73915e-01
2.68000e-04 -8.70433e-01
2.69000e-04 -8.66972e-01
2.70000e-04 -8.63531e-01
2.71000e-04 -8.60111e-01
2.72000e-04 -8.56711e-01
2.73000e-04 -8.53331e-01
2.74000e-04 -8.49971e-01
2.75000e-04 -8.46631e-01
2.76000e-04 -8.43310e-01
2.77000e-04 -8.40010e-01
2.78000e-04 -8.36728e-01
2.79000e-04 -8.33465e-01
2.80000e-04 -8.30222e-01
2.81000e-04 -8.26997e-01
2.82000e-04 -8.23792e-01
2.83000e-04 -8.20604e-01
2.84000e-04 -8.17436e-01
2.85000e-04 -8.14285e-01
2.86000e-04 -8.11153e-01
2.87000e-04 -8.08038e-01
2.88000e-04 -8.04942e-01
2.89000e-04 -8.01863e-01
2.90000e-04 -7.98802e-01
2.91000e-04 -7.95758e-01
2.92000e-04 -7.92732e-01
2.93000e-04 -7.89723e-01
2.94000e-04 -7.86731e-01
2.95000e-04 -7.83756e-01
2.96000e-04 -7.80798e-01
2.97000e-04 -7.77856e-01
2.98000e-04 -7.74931e-01
2.99000e-04 -7.72023e-01
3.00000e-04 -7.69130e-01
3.01000e-04 -7.66254e-01
3.02000e-04 -7.63394e-01
3.03000e-04 -7.60550e-01
3.04000e-04 -7.57722e-01
3.05000e-04 -7.54910e-01
3.06000e-04 -7.52113e-01
3.07000e-04 -7.49332e-01
3.08000e-04 -7.46566e-01
3.09000e-04 -7.43815e-01
3.10000e-04 -7.41080e-01
3.11000e-04 -7.38360e-01
3.12000e-04 -7.35654e-01
3.13000e-04 -7.32964e-01
3.14000e-04 -7.30288e-01
3.15000e-04 -7.27626e-01
3.16000e-04 -7.24980e-01
3.17000e-04 -7.22348e-01
3.18000e-04 -7.19730e-01
3.19000e-04 -7.17126e-01
3.20000e-04 -7.14536e-01
3.21000e-04 -7.11961e-01
3.22000e-04 -7.09399e-01
3.23000e-04 -7.06851e-01
3.24000e-04 -7.04317e-01
3.25000e-04 -7.01797e-01
3.26000e-04 -6.99290e-01
3.27000e-04 -6.96796e-01
3.28000e-04 -6.94316e-01
3.29000e-04 -6.91849e-01
3.30000e-04 -6.89396e-01
3.31000e-04 -6.86955e-01
3.32000e-04 -6.84527e-01
3.33000e-04 -6.82113e-01
3.34000e-04 -6.79711e-01
3.35000e-04 -6.77321e-01
3.36000e-04 -6.74945e-01
3.37000e-04 -6.72581e-01
3.38000e-04 -6.70229e-01
3.39000e-04 -6.67890e-01
3.40000e-04 -6.65563e-01
3.41000e-04 -6.63249e-01
3.42000e-04 -6.60946e-01
3.43000e-04 -6.58656e-01
3.44000e-04 -6.56377e-01
3.45000e-04 -6.54111e-01
3.46000e-04 -6.51856e-01
3.47000e-04 -6.49613e-01
3.48000e-04 -6.47382e-01
3.49000e-04 -6.45162e-01
3.50000e-04 -6.42954e-01
3.51000e-04 -6.40757e-01
3.52000e-04 -6.38571e-01
3.53000e-04 -6.36397e-01
3.54000e-04 -6.34234e-01
3.55000e-04 -6.32082e-01
3.56000e-04 -6.29942e-01
3.57000e-04 -6.27812e-01
3.58000e-04 -6.25693e-01
3.59000e-04 -6.23585e-01
3.60000e-04 -6.21488e-01
3.61000e-04 -6.19401e-01
3.62000e-04 -6.17326e-01
3.63000e-04 -6.15260e-01
3.64000e-04 -6.13206e-01
3.65000e-04 -6.11161e-01
3.66000e-04 -6.09127e-01
3.67000e-04 -6.07104e-01
3.68000e-04 -6.05090e-01
3.69000e-04 -6.03087e-01
3.70000e-04 -6.01094e-01
3.71000e-04 -5.99111e-01
3.72000e-04 -5.97138e-01
3.73000e-04 -5.95175e-01
3.74000e-04 -5.93222e-01
3.75000e-04 -5.91278e-01
3.76000e-04 -5.89345e-01
3.77000e-04 -5.87421e-01
3.78000e-04 -5.85506e-01
3.79000e-04 -5.83601e-01
3.80000e-04 -5.81706e-01
3.81000e-04 -5.79820e-01
3.82000e-04 -5.77944e-01
3.83000e-04 -5.76076e-01
3.84000e-04 -5.74219e-01
3.85000e-04 -5.72370e-01
3.86000e-04 -5.70530e-01
3.87000e-04 -5.68700e-01
3.88000e-04 -5.66879e-01
3.89000e-04 -5.65066e-01
3.90000e-04 -5.63263e-01
3.91000e-04 -5.61468e-01
3.92000e-04 -5.59683e-01
3.93000e-04 -5.57906e-01
3.94000e-04 -5.56137e-01
3.95000e-04 -5.54378e-01
3.96000e-04 -5.52627e-01
3.97000e-04 -5.50885e-01
3.98000e-04 -5.49151e-01
3.99000e-04 -5.47425e-01
4.00000e-04 -5.45708e-01
4.01000e-04 -5.44000e-01
4.02000e-04 -5.42300e-01
4.03000e-04 -5.40608e-01
4.04000e-04 -5.38924e-01
4.05000e-04 -5.37248e-01
4.06000e-04 -5.35581e-01
4.07000e-04 -5.33921e-01
4.08000e-04 -5.32270e-01
4.09000e-04 -5.30626e-01
4.10000e-04 -5.28991e-01
4.11000e-04 -5.27363e-01
4.12000e-04 -5.25744e-01
4.13000e-04 -5.24132e-01
4.14000e-04 -5.22527e-01
4.15000e-04 -5.20931e-01
4.16000e-04 -5.19342e-01
4.17000e-04 -5.17761e-01
4.18000e-04 -5.16187e-01
4.19000e-04 -5.14621e-01
4.20000e-04 -5.13062e-01
4.21000e-04 -5.11511e-01
4.22000e-04 -5.09967e-01
4.23000e-04 -5.08431e-01
4.24000e-04 -5.06902e-01
4.25000e-04 -5.05380e-01
4.26000e-04 -5.03865e-01
4.27000e-04 -5.02358e-01
4.28000e-04 -5.00857e-01
4.29000e-04 -1.00000e+00
4.30000e-04 -1.00000e+00
4.31000e-04 -1.00000e+00
4.32000e-04 -1.00000e+00
4.33000e-04 -1.00000e+00
4.34000e-04 -1.00000e+00
4.35000e-04 -1.00000e+00
4.36000e-04 -1.00000e+00
4.37000e-04 -1.00000e+00
4.38000e-04 -1.00000e+00
4.39000e-04 -1.00000e+00
4.40000e-04 -1.00000e+00
4.41000e-04 -1.00000e+00
4.42000e-04 -1.00000e+00
4.43000e-04 -1.00000e+00
4.44000e-04 -1.00000e+00
4.45000e-04 -1.00000e+00
4.46000e-04 -1.00000e+00
4.47000e-04 -1.00000e+00
4.48000e-04 -1.00000e+00
4.49000e-04 -1.00000e+00
4.50000e-04 -1.00000e+00
4.51000e-04 -1.00000e+00
4.52000e-04 -1.00000e+00
4.53000e-04 -1.00000e+00
4.54000e-04 -1.00000e+00
4.55000e-04 -1.00000e+00
4.56000e-04 -1.00000e+00
4.57000e-04 -1.00000e+00
4.58000e-04 -1.00000e+00
4.59000e-04 -1.00000e+00
4.60000e-04 -1.00000e+00
4.61000e-04 -1.00000e+00
4.62000e-04 -1.00000e+00
4.63000e-04 -1.00000e+00
4.64000e-04 -1.00000e+00
4.65000e-04 -1.00000e+00
4.66000e-04 -1.00000e+00
4.67000e-04 -1.00000e+00
4.68000e-04 -1.00000e+00
4.69000e-04 -1.00000e+00
4.70000e-04 -1.00000e+00
4.71000e-04 -1.00000e+00
4.72000e-04 -1.00000e+00
4.73000e-04 -1.00000e+00
4.74000e-04 -1.00000e+00
4.75000e-04 -1.00000e+00
4.76000e-04 -1.00000e+00
4.77000e-04 -1.00000e+00
4.78000e-04 -1.00000e+00
4.79000e-04 -1.00000e+00
4.80000e-04 -1.00000e+00
4.81000e-04 -1.00000e+00
4.82000e-04 -1.00000e+00
4.83000e-04 -1.00000e+00
4.84000e-04 -1.00000e+00
4.85000e-04 -1.00000e+00
4.86000e-04 -1.00000e+00
4.87000e-04 -1.00000e+00
4.88000e-04 -1.00000e+00
4.89000e-04 -1.00000e+00
4.90000e-04 -1.00000e+00
4.91000e-04 -1.00000e+00
4.92000e-04 -1.00000e+00
4.93000e-04 -1.00000e+00
4.94000e-04 -1.00000e+00
4.95000e-04 -1.00000e+00
4.96000e-04 -1.00000e+00
4.97000e-04 -1.00000e+00
4.98000e-04 -1.00000e+00
4.99000e-04 -1.00000e+00
5.00000e-04 -1.00000e+00
5.01000e-04 -1.00000e+00
5.02000e-04 -1.00000e+00
5.03000e-04 -1.00000e+00
5.04000e-04 -1.00000e+00
5.05000e-04 -1.00000e+00
5.06000e-04 -1.00000e+00
5.07000e-04 -1.00000e+00
5.08000e-04 -1.00000e+00
5.09000e-04 -1.00000e+00
5.10000e-04 -1.00000e+00
5.11000e-04 -1.00000e+00
5.12000e-04 -1.00000e+00
5.13000e-04 -1.00000e+00
5.14000e-04 -1.00000e+00
5.15000e-04 -1.00000e+00
5.16000e-04 -1.00000e+00
5.17000e-04 -1.00000e+00
5.18000e-04 -1.00000e+00
5.19000e-04 -1.00000e+00
5.20000e-04 -1.00000e+00
5.21000e-04 -1.00000e+00
5.22000e-04 -1.00000e+00
5.23000e-04 -1.00000e+00
5.24000e-04 -1.00000e+00
5.25000e-04 -1.00000e+00
5.26000e-04 -1.00000e+00
5.27000e-04 -1.00000e+00
5.28000e-04 -1.00000e+00
5.29000e-04 -1.00000e+00
5.30000e-04 5.00000e-02
