0.00000e+00 -5.00000e-02
1.00000e-06 -4.54345e+00
2.00000e-06 -4.54735e+00
3.00000e-06 -4.49387e+00
4.00000e-06 -4.43745e+00
5.00000e-06 -4.38149e+00
6.00000e-06 -4.32617e+00
7.00000e-06 -4.27148e+00
8.00000e-06 -4.21744e+00
9.00000e-06 -4.16411e+00
1.00000e-05 -4.11152e+00
1.10000e-05 -4.05972e+00
1.20000e-05 -4.00874e+00
1.30000e-05 -3.95862e+00
1.40000e-05 -3.90938e+00
1.50000e-05 -3.86105e+00
1.60000e-05 -3.81363e+00
1.70000e-05 -3.76714e+00
1.80000e-05 -3.72158e+00
1.90000e-05 -3.67694e+00
2.00000e-05 -3.63321e+00
2.10000e-05 -3.59040e+00
2.20000e-05 -3.54849e+00
2.30000e-05 -3.50747e+00
2.40000e-05 -3.46731e+00
2.50000e-05 -3.42800e+00
2.60000e-05 -3.38953e+00
2.70000e-05 -3.35188e+00
2.80000e-05 -3.31502e+00
2.90000e-05 -3.27893e+00
3.00000e-05 -3.24361e+00
3.10000e-05 -3.20901e+00
3.20000e-05 -3.17514e+00
3.30000e-05 -3.14196e+00
3.40000e-05 -3.10946e+00
3.50000e-05 -3.07762e+00
3.60000e-05 -3.04642e+00
3.70000e-05 -3.01584e+00
3.80000e-05 -2.98586e+00
3.90000e-05 -2.95647e+00
4.00000e-05 -2.92765e+00
4.10000e-05 -2.89938e+00
4.20000e-05 -2.87165e+00
4.30000e-05 -2.84444e+00
4.40000e-05 -2.81774e+00
4.50000e-05 -2.79153e+00
4.60000e-05 -2.76580e+00
4.70000e-05 -2.74053e+00
4.80000e-05 -2.71571e+00
4.90000e-05 -2.69134e+00
5.00000e-05 -2.66739e+00
5.10000e-05 -2.64386e+00
5.20000e-05 -2.62073e+00
5.30000e-05 -2.59799e+00
5.40000e-05 -2.57564e+00
5.50000e-05 -2.55366e+00
5.60000e-05 -2.53204e+00
5.70000e-05 -2.51077e+00
5.80000e-05 -2.48985e+00
5.90000e-05 -2.46926e+00
6.00000e-05 -2.44900e+00
6.10000e-05 -2.42905e+00
6.20000e-05 -2.40942e+00
6.30000e-05 -2.39009e+00
6.40000e-05 -2.37105e+00
6.50000e-05 -2.35230e+00
6.60000e-05 -2.33383e+00
6.70000e-05 -2.31563e+00
6.80000e-05 -2.29770e+00
6.90000e-05 -2.28003e+00
7.00000e-05 -2.26261e+00
7.10000e-05 -2.24544e+00
7.20000e-05 -2.22852e+00
7.30000e-05 -2.21183e+00
7.40000e-05 -2.19537e+00
7.50000e-05 -2.17915e+00
7.60000e-05 -2.16314e+00
7.70000e-05 -2.14735e+00
7.80000e-05 -2.13177e+00
7.90000e-05 -2.11639e+00
8.00000e-05 -2.10122e+00
8.10000e-05 -2.08625e+00
8.20000e-05 -2.07148e+00
8.30000e-05 -2.05689e+00
8.40000e-05 -2.04249e+00
8.50000e-05 -2.02827e+00
8.60000e-05 -2.01423e+00
8.70000e-05 -2.00036e+00
8.80000e-05 -1.98667e+00
8.90000e-05 -1.97315e+00
9.00000e-05 -1.95978e+00
9.10000e-05 -1.94658e+00
9.20000e-05 -1.93354e+00
9.30000e-05 -1.92066e+00
9.40000e-05 -1.90792e+00
9.50000e-05 -1.89534e+00
9.60000e-05 -1.88290e+00
9.70000e-05 -1.87060e+00
9.80000e-05 -1.85845e+00
9.90000e-05 -1.84644e+00
1.00000e-04 -1.83456e+00
1.01000e-04 -1.82281e+00
1.02000e-04 -1.81120e+00
1.03000e-04 -1.79971e+00
1.04000e-04 -1.78835e+00
1.05000e-04 -1.77712e+00
1.06000e-04 -1.76600e+00
1.07000e-04 -1.75501e+00
1.08000e-04 -1.74413e+00
1.09000e-04 -1.73338e+00
1.10000e-04 -1.72273e+00
1.11000e-04 -1.71220e+00
1.12000e-04 -1.70177e+00
1.13000e-04 -1.69146e+00
1.14000e-04 -1.68125e+00
1.15000e-04 -1.67114e+00
1.16000e-04 -1.66114e+00
1.17000e-04 -1.65124e+00
1.18000e-04 -1.64144e+00
1.19000e-04 -1.63174e+00
1.20000e-04 -1.62214e+00
1.21000e-04 -1.61263e+00
1.22000e-04 -1.60321e+00
1.23000e-04 -1.59389e+00
1.24000e-04 -1.58465e+00
1.25000e-04 -1.57551e+00
1.26000e-04 -1.56645e+00
1.27000e-04 -1.55748e+00
1.28000e-04 -1.54860e+00
1.29000e-04 -1.53980e+00
1.30000e-04 -1.53108e+00
1.31000e-04 -1.52245e+00
1.32000e-04 -1.51389e+00
1.33000e-04 -1.50542e+00
1.34000e-04 -1.49702e+00
1.35000e-04 -1.48870e+00
1.36000e-04 -1.48046e+00
1.37000e-04 -1.47229e+00
1.38000e-04 -1.46419e+00
1.39000e-04 -1.45617e+00
1.40000e-04 -1.44822e+00
1.41000e-04 -1.44034e+00
1.42000e-04 -1.43253e+00
1.43000e-04 -1.42478e+00
1.44000e-04 -1.41711e+00
1.45000e-04 -1.40950e+00
1.46000e-04 -1.40196e+00
1.47000e-04 -1.39449e+00
1.48000e-04 -1.38708e+00
1.49000e-04 -1.37973e+00
1.50000e-04 -1.37244e+00
1.51000e-04 -1.36522e+00
1.52000e-04 -1.35806e+00
1.53000e-04 -1.35096e+00
1.54000e-04 -1.34392e+00
1.55000e-04 -1.33693e+00
1.56000e-04 -1.33001e+00
1.57000e-04 -1.32314e+00
1.58000e-04 -1.31633e+00
1.59000e-04 -1.30957e+00
1.60000e-04 -1.30287e+00
1.61000e-04 -1.29623e+00
1.62000e-04 -1.28964e+00
1.63000e-04 -1.28310e+00
1.64000e-04 -1.27661e+00
1.65000e-04 -1.27018e+00
1.66000e-04 -1.26379e+00
1.67000e-04 -1.25746e+00
1.68000e-04 -1.25118e+00
1.69000e-04 -1.24495e+00
1.70000e-04 -1.23876e+00
1.71000e-04 -1.23263e+00
1.72000e-04 -1.22654e+00
1.73000e-04 -1.22050e+00
1.74000e-04 -1.21450e+00
1.75000e-04 -1.20856e+00
1.76000e-04 -1.20265e+00
1.77000e-04 -1.19680e+00
1.78000e-04 -1.19098e+00
1.79000e-04 -1.18522e+00
1.80000e-04 -1.17949e+00
1.81000e-04 -1.17381e+00
1.82000e-04 -1.16817e+00
1.83000e-04 -1.16257e+00
1.84000e-04 -1.15702e+00
1.85000e-04 -1.15150e+00
1.86000e-04 -1.14603e+00
1.87000e-04 -1.14060e+00
1.88000e-04 -1.13520e+00
1.89000e-04 -1.12985e+00
1.90000e-04 -1.12453e+00
1.91000e-04 -1.11926e+00
1.92000e-04 -1.11402e+00
1.93000e-04 -1.10882e+00
1.94000e-04 -1.10366e+00
1.95000e-04 -1.09853e+00
1.96000e-04 -1.09344e+00
1.97000e-04 -1.08839e+00
1.98000e-04 -1.08338e+00
1.99000e-04 -1.07839e+00
2.00000e-04 -1.07345e+00
2.01000e-04 -1.06854e+00
2.02000e-04 -1.06366e+00
2.03000e-04 -1.05882e+00
2.04000e-04 -1.05401e+00
2.05000e-04 -1.04923e+00
2.06000e-04 -1.04449e+00
2.07000e-04 -1.03978e+00
2.08000e-04 -1.03511e+00
2.09000e-04 -1.03046e+00
2.10000e-04 -1.02585e+00
2.11000e-04 -1.02127e+00
2.12000e-04 -1.01672e+00
2.13000e-04 -1.01220e+00
2.14000e-04 -1.00771e+00
2.15000e-04 -1.00325e+00
2.16000e-04 -9.98822e-01
2.17000e-04 -9.94424e-01
2.18000e-04 -9.90054e-01
2.19000e-04 -9.85714e-01
2.20000e-04 -9.81403e-01
2.21000e-04 -9.77121e-01
2.22000e-04 -9.72867e-01
2.23000e-04 -9.68641e-01
2.24000e-04 -9.64442e-01
2.25000e-04 -9.60272e-01
2.26000e-04 -9.56128e-01
2.27000e-04 -9.52012e-01
2.28000e-04 -9.47923e-01
2.29000e-04 -9.43860e-01
2.30000e-04 -9.39823e-01
2.31000e-04 -9.35813e-01
2.32000e-04 -9.31828e-01
2.33000e-04 -9.27869e-01
2.34000e-04 -9.23936e-01
2.35000e-04 -9.20028e-01
2.36000e-04 -9.16144e-01
2.37000e-04 -9.12286e-01
2.38000e-04 -9.08451e-01
2.39000e-04 -9.04642e-01
2.40000e-04 -9.00856e-01
2.41000e-04 -8.97094e-01
2.42000e-04 -8.93356e-01
2.43000e-04 -8.89641e-01
2.44000e-04 -8.85950e-01
2.45000e-04 -8.82281e-01
2.46000e-04 -8.78636e-01
2.47000e-04 -8.75013e-01
2.48000e-04 -8.71413e-01
2.49000e-04 -8.67835e-01
2.50000e-04 -8.64279e-01
2.51000e-04 -8.60745e-01
2.52000e-04 -8.57232e-01
2.53000e-04 -8.53742e-01
2.54000e-04 -8.50272e-01
2.55000e-04 -8.46824e-01
2.56000e-04 -8.43397e-01
2.57000e-04 -8.39990e-01
2.58000e-04 -8.36605e-01
2.59000e-04 -8.33240e-01
2.60000e-04 -8.29895e-01
2.61000e-04 -8.26570e-01
2.62000e-04 -8.23265e-01
2.63000e-04 -8.19981e-01
2.64000e-04 -8.16715e-01
2.65000e-04 -8.13470e-01
2.66000e-04 -8.10243e-01
2.67000e-04 -8.07036e-01
2.68000e-04 -8.03848e-01
2.69000e-04 -8.00679e-01
2.70000e-04 -7.97529e-01
2.71000e-04 -7.94397e-01
2.72000e-04 -7.91284e-01
2.73000e-04 -7.88189e-01
2.74000e-04 -7.85112e-01
2.75000e-04 -7.82053e-01
2.76000e-04 -7.79012e-01
2.77000e-04 -7.75989e-01
2.78000e-04 -7.72984e-01
2.79000e-04 -7.69996e-01
2.80000e-04 -7.67025e-01
2.81000e-04 -7.64071e-01
2.82000e-04 -7.61135e-01
2.83000e-04 -7.58215e-01
2.84000e-04 -7.55313e-01
2.85000e-04 -7.52427e-01
2.86000e-04 -7.49557e-01
2.87000e-04 -7.46704e-01
2.88000e-04 -7.43867e-01
2.89000e-04 -7.41047e-01
2.90000e-04 -7.38243e-01
2.91000e-04 -7.35454e-01
2.92000e-04 -7.32681e-01
2.93000e-04 -7.29924e-01
2.94000e-04 -7.27183e-01
2.95000e-04 -7.24457e-01
2.96000e-04 -7.21747e-01
2.97000e-04 -7.19051e-01
2.98000e-04 -7.16371e-01
2.99000e-04 -7.13706e-01
3.00000e-04 -7.11056e-01
3.01000e-04 -7.08420e-01
3.02000e-04 -7.05800e-01
3.03000e-04 -7.03194e-01
3.04000e-04 -7.00602e-01
3.05000e-04 -6.98025e-01
3.06000e-04 -6.95462e-01
3.07000e-04 -6.92913e-01
3.08000e-04 -6.90378e-01
3.09000e-04 -6.87858e-01
3.10000e-04 -6.85351e-01
3.11000e-04 -6.82858e-01
3.12000e-04 -6.80379e-01
3.13000e-04 -6.77913e-01
3.14000e-04 -6.75461e-01
3.15000e-04 -6.73022e-01
3.16000e-04 -6.70596e-01
3.17000e-04 -6.68184e-01
3.18000e-04 -6.65785e-01
3.19000e-04 -6.63398e-01
3.20000e-04 -6.61025e-01
3.21000e-04 -6.58665e-01
3.22000e-04 -6.56317e-01
3.23000e-04 -6.53982e-01
3.24000e-04 -6.51659e-01
3.25000e-04 -6.49349e-01
3.26000e-04 -6.47052e-01
3.27000e-04 -6.44767e-01
3.28000e-04 -6.42494e-01
3.29000e-04 -6.40233e-01
3.30000e-04 -6.37984e-01
3.31000e-04 -6.35748e-01
3.32000e-04 -6.33523e-01
3.33000e-04 -6.31310e-01
3.34000e-04 -6.29108e-01
3.35000e-04 -6.26919e-01
3.36000e-04 -6.24741e-01
3.37000e-04 -6.22574e-01
3.38000e-04 -6.20419e-01
3.39000e-04 -6.18276e-01
3.40000e-04 -6.16143e-01
3.41000e-04 -6.14022e-01
3.42000e-04 -6.11912e-01
3.43000e-04 -6.09813e-01
3.44000e-04 -6.07725e-01
3.45000e-04 -6.05648e-01
3.46000e-04 -6.03582e-01
3.47000e-04 -6.01527e-01
3.48000e-04 -5.99482e-01
3.49000e-04 -5.97448e-01
3.50000e-04 -5.95425e-01
3.51000e-04 -5.93412e-01
3.52000e-04 -5.91409e-01
3.53000e-04 -5.89417e-01
3.54000e-04 -5.87435e-01
3.55000e-04 -5.85464e-01
3.56000e-04 -5.83502e-01
3.57000e-04 -5.81551e-01
3.58000e-04 -5.79610e-01
3.59000e-04 -5.77678e-01
3.60000e-04 -5.75757e-01
3.61000e-04 -5.73845e-01
3.62000e-04 -5.71943e-01
3.63000e-04 -5.70051e-01
3.64000e-04 -5.68169e-01
3.65000e-04 -5.66296e-01
3.66000e-04 -5.64433e-01
3.67000e-04 -5.62579e-01
3.68000e-04 -5.60735e-01
3.69000e-04 -5.58900e-01
3.70000e-04 -5.57074e-01
3.71000e-04 -5.55258e-01
3.72000e-04 -5.53450e-01
3.73000e-04 -5.51652e-01
3.74000e-04 -5.49863e-01
3.75000e-04 -5.48083e-01
3.76000e-04 -5.46312e-01
3.77000e-04 -5.44550e-01
3.78000e-04 -5.42797e-01
3.79000e-04 -5.41052e-01
3.80000e-04 -5.39317e-01
3.81000e-04 -5.37590e-01
3.82000e-04 -5.35871e-01
3.83000e-04 -5.34161e-01
3.84000e-04 -5.32460e-01
3.85000e-04 -5.30767e-01
3.86000e-04 -5.29083e-01
3.87000e-04 -5.27407e-01
3.88000e-04 -5.25739e-01
3.89000e-04 -5.24080e-01
3.90000e-04 -5.22429e-01
3.91000e-04 -5.20786e-01
3.92000e-04 -5.19151e-01
3.93000e-04 -5.17524e-01
3.94000e-04 -5.15905e-01
3.95000e-04 -5.14295e-01
3.96000e-04 -5.12692e-01
3.97000e-04 -5.11097e-01
3.98000e-04 -5.09510e-01
3.99000e-04 -5.07931e-01
4.00000e-04 -5.06359e-01
4.01000e-04 -5.04795e-01
4.02000e-04 -5.03239e-01
4.03000e-04 -5.01691e-01
4.04000e-04 -5.00150e-01
4.05000e-04 -1.00000e+00
4.06000e-04 -1.00000e+00
4.07000e-04 -1.00000e+00
4.08000e-04 -1.00000e+00
4.09000e-04 -1.00000e+00
4.10000e-04 -1.00000e+00
4.11000e-04 -1.00000e+00
4.12000e-04 -1.00000e+00
4.13000e-04 -1.00000e+00
4.14000e-04 -1.00000e+00
4.15000e-04 -1.00000e+00
4.16000e-04 -1.00000e+00
4.17000e-04 -1.00000e+00
4.18000e-04 -1.00000e+00
4.19000e-04 -1.00000e+00
4.20000e-04 -1.00000e+00
4.21000e-04 -1.00000e+00
4.22000e-04 -1.00000e+00
4.23000e-04 -1.00000e+00
4.24000e-04 -1.00000e+00
4.25000e-04 -1.00000e+00
4.26000e-04 -1.00000e+00
4.27000e-04 -1.00000e+00
4.28000e-04 -1.00000e+00
4.29000e-04 -1.00000e+00
4.30000e-04 -1.00000e+00
4.31000e-04 -1.00000e+00
4.32000e-04 -1.00000e+00
4.33000e-04 -1.00000e+00
4.34000e-04 -1.00000e+00
4.35000e-04 -1.00000e+00
4.36000e-04 -1.00000e+00
4.37000e-04 -1.00000e+00
4.38000e-04 -1.00000e+00
4.39000e-04 -1.00000e+00
4.40000e-04 -1.00000e+00
4.41000e-04 -1.00000e+00
4.42000e-04 -1.00000e+00
4.43000e-04 -1.00000e+00
4.44000e-04 -1.00000e+00
4.45000e-04 -1.00000e+00
4.46000e-04 -1.00000e+00
4.47000e-04 -1.00000e+00
4.48000e-04 -1.00000e+00
4.49000e-04 -1.00000e+00
4.50000e-04 -1.00000e+00
4.51000e-04 -1.00000e+00
4.52000e-04 -1.00000e+00
4.53000e-04 -1.00000e+00
4.54000e-04 -1.00000e+00
4.55000e-04 -1.00000e+00
4.56000e-04 -1.00000e+00
4.57000e-04 -1.00000e+00
4.58000e-04 -1.00000e+00
4.59000e-04 -1.00000e+00
4.60000e-04 -1.00000e+00
4.61000e-04 -1.00000e+00
4.62000e-04 -1.00000e+00
4.63000e-04 -1.00000e+00
4.64000e-04 -1.00000e+00
4.65000e-04 -1.00000e+00
4.66000e-04 -1.00000e+00
4.67000e-04 -1.00000e+00
4.68000e-04 -1.00000e+00
4.69000e-04 -1.00000e+00
4.70000e-04 -1.00000e+00
4.71000e-04 -1.00000e+00
4.72000e-04 -1.00000e+00
4.73000e-04 -1.00000e+00
4.74000e-04 -1.00000e+00
4.75000e-04 -1.00000e+00
4.76000e-04 -1.00000e+00
4.77000e-04 -1.00000e+00
4.78000e-04 -1.00000e+00
4.79000e-04 -1.00000e+00
4.80000e-04 -1.00000e+00
4.81000e-04 -1.00000e+00
4.82000e-04 -1.00000e+00
4.83000e-04 -1.00000e+00
4.84000e-04 -1.00000e+00
4.85000e-04 -1.00000e+00
4.86000e-04 -1.00000e+00
4.87000e-04 -1.00000e+00
4.88000e-04 -1.00000e+00
4.89000e-04 -1.00000e+00
4.90000e-04 -1.00000e+00
4.91000e-04 -1.00000e+00
4.92000e-04 -1.00000e+00
4.93000e-04 -1.00000e+00
4.94000e-04 -1.00000e+00
4.95000e-04 -1.00000e+00
4.96000e-04 -1.00000e+00
4.97000e-04 -1.00000e+00
4.98000e-04 -1.00000e+00
4.99000e-04 -1.00000e+00
5.00000e-04 -1.00000e+00
5.01000e-04 -1.00000e+00
5.02000e-04 -1.00000e+00
5.03000e-04 5.00000e-02
