1.22850e-03 0.00000e+00
1.22855e-03 -1.00000e-01
1.72855e-03 -1.00000e-01
1.72860e-03 0.00000e+00
2.22860e-03 0.00000e+00
2.22860e-03 0.00000e+00
2.22865e-03 1.00000e-01
2.72865e-03 1.00000e-01
2.72870e-03 0.00000e+00
3.22870e-03 0.00000e+00
3.22870e-03 0.00000e+00
3.22875e-03 -1.00000e-01
3.72875e-03 -1.00000e-01
3.72880e-03 0.00000e+00
4.22880e-03 0.00000e+00
4.22880e-03 0.00000e+00
4.22885e-03 1.00000e-01
4.72885e-03 1.00000e-01
4.72890e-03 0.00000e+00
5.22890e-03 0.00000e+00
5.22890e-03 0.00000e+00
5.22895e-03 -1.00000e-01
5.72895e-03 -1.00000e-01
5.72900e-03 0.00000e+00
6.22900e-03 0.00000e+00
6.22900e-03 0.00000e+00
6.22905e-03 1.00000e-01
6.72905e-03 1.00000e-01
6.72910e-03 0.00000e+00
7.22910e-03 0.00000e+00
7.22910e-03 0.00000e+00
7.22915e-03 1.00000e-01
7.72915e-03 1.00000e-01
7.72920e-03 0.00000e+00
8.22920e-03 0.00000e+00
8.22920e-03 0.00000e+00
8.22925e-03 -1.00000e-01
8.72925e-03 -1.00000e-01
8.72930e-03 0.00000e+00
9.22930e-03 0.00000e+00
9.22930e-03 0.00000e+00
9.22935e-03 1.00000e-01
9.72935e-03 1.00000e-01
9.72940e-03 0.00000e+00
1.02294e-02 0.00000e+00
1.02294e-02 0.00000e+00
1.02295e-02 -1.00000e-01
1.07295e-02 -1.00000e-01
1.07295e-02 0.00000e+00
1.12295e-02 0.00000e+00
1.12295e-02 0.00000e+00
1.12296e-02 -1.00000e-01
1.17296e-02 -1.00000e-01
1.17296e-02 0.00000e+00
1.22296e-02 0.00000e+00
