0.00000e+00 -5.00000e-02
1.00000e-06 -4.84426e+00
2.00000e-06 -4.84577e+00
3.00000e-06 -4.81998e+00
4.00000e-06 -4.79245e+00
5.00000e-06 -4.76375e+00
6.00000e-06 -4.73383e+00
7.00000e-06 -4.70264e+00
8.00000e-06 -4.67016e+00
9.00000e-06 -4.63644e+00
1.00000e-05 -4.60151e+00
1.10000e-05 -4.56543e+00
1.20000e-05 -4.52828e+00
1.30000e-05 -4.49016e+00
1.40000e-05 -4.45116e+00
1.50000e-05 -4.41138e+00
1.60000e-05 -4.37094e+00
1.70000e-05 -4.32994e+00
1.80000e-05 -4.28849e+00
1.90000e-05 -4.24670e+00
2.00000e-05 -4.20467e+00
2.10000e-05 -4.16250e+00
2.20000e-05 -4.12028e+00
2.30000e-05 -4.07809e+00
2.40000e-05 -4.03602e+00
2.50000e-05 -3.99413e+00
2.60000e-05 -3.95249e+00
2.70000e-05 -3.91115e+00
2.80000e-05 -3.87017e+00
2.90000e-05 -3.82958e+00
3.00000e-05 -3.78943e+00
3.10000e-05 -3.74974e+00
3.20000e-05 -3.71055e+00
3.30000e-05 -3.67186e+00
3.40000e-05 -3.63371e+00
3.50000e-05 -3.59611e+00
3.60000e-05 -3.55906e+00
3.70000e-05 -3.52257e+00
3.80000e-05 -3.48665e+00
3.90000e-05 -3.45130e+00
4.00000e-05 -3.41652e+00
4.10000e-05 -3.38231e+00
4.20000e-05 -3.34866e+00
4.30000e-05 -3.31557e+00
4.40000e-05 -3.28303e+00
4.50000e-05 -3.25104e+00
4.60000e-05 -3.21959e+00
4.70000e-05 -3.18868e+00
4.80000e-05 -3.15828e+00
4.90000e-05 -3.12841e+00
5.00000e-05 -3.09903e+00
5.10000e-05 -3.07016e+00
5.20000e-05 -3.04177e+00
5.30000e-05 -3.01386e+00
5.40000e-05 -2.98642e+00
5.50000e-05 -2.95943e+00
5.60000e-05 -2.93289e+00
5.70000e-05 -2.90680e+00
5.80000e-05 -2.88113e+00
5.90000e-05 -2.85588e+00
6.00000e-05 -2.83103e+00
6.10000e-05 -2.80659e+00
6.20000e-05 -2.78255e+00
6.30000e-05 -2.75888e+00
6.40000e-05 -2.73559e+00
6.50000e-05 -2.71267e+00
6.60000e-05 -2.69010e+00
6.70000e-05 -2.66788e+00
6.80000e-05 -2.64600e+00
6.90000e-05 -2.62446e+00
7.00000e-05 -2.60324e+00
7.10000e-05 -2.58234e+00
7.20000e-05 -2.56176e+00
7.30000e-05 -2.54147e+00
7.40000e-05 -2.52149e+00
7.50000e-05 -2.50180e+00
7.60000e-05 -2.48239e+00
7.70000e-05 -2.46325e+00
7.80000e-05 -2.44440e+00
7.90000e-05 -2.42580e+00
8.00000e-05 -2.40747e+00
8.10000e-05 -2.38939e+00
8.20000e-05 -2.37156e+00
8.30000e-05 -2.35398e+00
8.40000e-05 -2.33663e+00
8.50000e-05 -2.31952e+00
8.60000e-05 -2.30263e+00
8.70000e-05 -2.28597e+00
8.80000e-05 -2.26953e+00
8.90000e-05 -2.25330e+00
9.00000e-05 -2.23729e+00
9.10000e-05 -2.22148e+00
9.20000e-05 -2.20587e+00
9.30000e-05 -2.19046e+00
9.40000e-05 -2.17524e+00
9.50000e-05 -2.16021e+00
9.60000e-05 -2.14537e+00
9.70000e-05 -2.13071e+00
9.80000e-05 -2.11623e+00
9.90000e-05 -2.10193e+00
1.00000e-04 -2.08780e+00
1.01000e-04 -2.07383e+00
1.02000e-04 -2.06003e+00
1.03000e-04 -2.04640e+00
1.04000e-04 -2.03292e+00
1.05000e-04 -2.01961e+00
1.06000e-04 -2.00644e+00
1.07000e-04 -1.99343e+00
1.08000e-04 -1.98056e+00
1.09000e-04 -1.96784e+00
1.10000e-04 -1.95526e+00
1.11000e-04 -1.94282e+00
1.12000e-04 -1.93052e+00
1.13000e-04 -1.91836e+00
1.14000e-04 -1.90633e+00
1.15000e-04 -1.89443e+00
1.16000e-04 -1.88266e+00
1.17000e-04 -1.87101e+00
1.18000e-04 -1.85949e+00
1.19000e-04 -1.84809e+00
1.20000e-04 -1.83681e+00
1.21000e-04 -1.82565e+00
1.22000e-04 -1.81460e+00
1.23000e-04 -1.80367e+00
1.24000e-04 -1.79286e+00
1.25000e-04 -1.78215e+00
1.26000e-04 -1.77155e+00
1.27000e-04 -1.76106e+00
1.28000e-04 -1.75067e+00
1.29000e-04 -1.74039e+00
1.30000e-04 -1.73021e+00
1.31000e-04 -1.72012e+00
1.32000e-04 -1.71014e+00
1.33000e-04 -1.70026e+00
1.34000e-04 -1.69047e+00
1.35000e-04 -1.68078e+00
1.36000e-04 -1.67117e+00
1.37000e-04 -1.66167e+00
1.38000e-04 -1.65225e+00
1.39000e-04 -1.64292e+00
1.40000e-04 -1.63367e+00
1.41000e-04 -1.62452e+00
1.42000e-04 -1.61545e+00
1.43000e-04 -1.60646e+00
1.44000e-04 -1.59755e+00
1.45000e-04 -1.58873e+00
1.46000e-04 -1.57999e+00
1.47000e-04 -1.57132e+00
1.48000e-04 -1.56274e+00
1.49000e-04 -1.55423e+00
1.50000e-04 -1.54580e+00
1.51000e-04 -1.53744e+00
1.52000e-04 -1.52916e+00
1.53000e-04 -1.52095e+00
1.54000e-04 -1.51281e+00
1.55000e-04 -1.50474e+00
1.56000e-04 -1.49674e+00
1.57000e-04 -1.48881e+00
1.58000e-04 -1.48095e+00
1.59000e-04 -1.47316e+00
1.60000e-04 -1.46543e+00
1.61000e-04 -1.45777e+00
1.62000e-04 -1.45017e+00
1.63000e-04 -1.44263e+00
1.64000e-04 -1.43516e+00
1.65000e-04 -1.42775e+00
1.66000e-04 -1.42041e+00
1.67000e-04 -1.41312e+00
1.68000e-04 -1.40589e+00
1.69000e-04 -1.39873e+00
1.70000e-04 -1.39162e+00
1.71000e-04 -1.38457e+00
1.72000e-04 -1.37757e+00
1.73000e-04 -1.37063e+00
1.74000e-04 -1.36375e+00
1.75000e-04 -1.35692e+00
1.76000e-04 -1.35015e+00
1.77000e-04 -1.34343e+00
1.78000e-04 -1.33676e+00
1.79000e-04 -1.33015e+00
1.80000e-04 -1.32358e+00
1.81000e-04 -1.31707e+00
1.82000e-04 -1.31061e+00
1.83000e-04 -1.30420e+00
1.84000e-04 -1.29784e+00
1.85000e-04 -1.29152e+00
1.86000e-04 -1.28526e+00
1.87000e-04 -1.27904e+00
1.88000e-04 -1.27287e+00
1.89000e-04 -1.26675e+00
1.90000e-04 -1.26067e+00
1.91000e-04 -1.25464e+00
1.92000e-04 -1.24865e+00
1.93000e-04 -1.24271e+00
1.94000e-04 -1.23681e+00
1.95000e-04 -1.23096e+00
1.96000e-04 -1.22515e+00
1.97000e-04 -1.21938e+00
1.98000e-04 -1.21365e+00
1.99000e-04 -1.20797e+00
2.00000e-04 -1.20232e+00
2.01000e-04 -1.19672e+00
2.02000e-04 -1.19116e+00
2.03000e-04 -1.18564e+00
2.04000e-04 -1.18015e+00
2.05000e-04 -1.17471e+00
2.06000e-04 -1.16930e+00
2.07000e-04 -1.16394e+00
2.08000e-04 -1.15861e+00
2.09000e-04 -1.15332e+00
2.10000e-04 -1.14807e+00
2.11000e-04 -1.14285e+00
2.12000e-04 -1.13767e+00
2.13000e-04 -1.13252e+00
2.14000e-04 -1.12742e+00
2.15000e-04 -1.12234e+00
2.16000e-04 -1.11730e+00
2.17000e-04 -1.11230e+00
2.18000e-04 -1.10733e+00
2.19000e-04 -1.10240e+00
2.20000e-04 -1.09749e+00
2.21000e-04 -1.09262e+00
2.22000e-04 -1.08779e+00
2.23000e-04 -1.08299e+00
2.24000e-04 -1.07822e+00
2.25000e-04 -1.07348e+00
2.26000e-04 -1.06877e+00
2.27000e-04 -1.06410e+00
2.28000e-04 -1.05945e+00
2.29000e-04 -1.05484e+00
2.30000e-04 -1.05025e+00
2.31000e-04 -1.04570e+00
2.32000e-04 -1.04118e+00
2.33000e-04 -1.03669e+00
2.34000e-04 -1.03222e+00
2.35000e-04 -1.02779e+00
2.36000e-04 -1.02338e+00
2.37000e-04 -1.01901e+00
2.38000e-04 -1.01466e+00
2.39000e-04 -1.01034e+00
2.40000e-04 -1.00604e+00
2.41000e-04 -1.00178e+00
2.42000e-04 -9.97540e-01
2.43000e-04 -9.93329e-01
2.44000e-04 -9.89145e-01
2.45000e-04 -9.84987e-01
2.46000e-04 -9.80856e-01
2.47000e-04 -9.76751e-01
2.48000e-04 -9.72672e-01
2.49000e-04 -9.68619e-01
2.50000e-04 -9.64591e-01
2.51000e-04 -9.60588e-01
2.52000e-04 -9.56611e-01
2.53000e-04 -9.52658e-01
2.54000e-04 -9.48729e-01
2.55000e-04 -9.44825e-01
2.56000e-04 -9.40945e-01
2.57000e-04 -9.37089e-01
2.58000e-04 -9.33257e-01
2.59000e-04 -9.29449e-01
2.60000e-04 -9.25663e-01
2.61000e-04 -9.21901e-01
2.62000e-04 -9.18162e-01
2.63000e-04 -9.14445e-01
2.64000e-04 -9.10751e-01
2.65000e-04 -9.07080e-01
2.66000e-04 -9.03430e-01
2.67000e-04 -8.99803e-01
2.68000e-04 -8.96197e-01
2.69000e-04 -8.92613e-01
2.70000e-04 -8.89051e-01
2.71000e-04 -8.85510e-01
2.72000e-04 -8.81990e-01
2.73000e-04 -8.78491e-01
2.74000e-04 -8.75012e-01
2.75000e-04 -8.71554e-01
2.76000e-04 -8.68117e-01
2.77000e-04 -8.64700e-01
2.78000e-04 -8.61303e-01
2.79000e-04 -8.57926e-01
2.80000e-04 -8.54569e-01
2.81000e-04 -8.51231e-01
2.82000e-04 -8.47913e-01
2.83000e-04 -8.44615e-01
2.84000e-04 -8.41335e-01
2.85000e-04 -8.38075e-01
2.86000e-04 -8.34833e-01
2.87000e-04 -8.31610e-01
2.88000e-04 -8.28406e-01
2.89000e-04 -8.25220e-01
2.90000e-04 -8.22052e-01
2.91000e-04 -8.18903e-01
2.92000e-04 -8.15772e-01
2.93000e-04 -8.12658e-01
2.94000e-04 -8.09562e-01
2.95000e-04 -8.06484e-01
2.96000e-04 -8.03423e-01
2.97000e-04 -8.00380e-01
2.98000e-04 -7.97354e-01
2.99000e-04 -7.94345e-01
3.00000e-04 -7.91353e-01
3.01000e-04 -7.88378e-01
3.02000e-04 -7.85419e-01
3.03000e-04 -7.82477e-01
3.04000e-04 -7.79552e-01
3.05000e-04 -7.76642e-01
3.06000e-04 -7.73749e-01
3.07000e-04 -7.70873e-01
3.08000e-04 -7.68012e-01
3.09000e-04 -7.65167e-01
3.10000e-04 -7.62337e-01
3.11000e-04 -7.59524e-01
3.12000e-04 -7.56726e-01
3.13000e-04 -7.53943e-01
3.14000e-04 -7.51175e-01
3.15000e-04 -7.48423e-01
3.16000e-04 -7.45686e-01
3.17000e-04 -7.42964e-01
3.18000e-04 -7.40256e-01
3.19000e-04 -7.37564e-01
3.20000e-04 -7.34886e-01
3.21000e-04 -7.32223e-01
3.22000e-04 -7.29574e-01
3.23000e-04 -7.26939e-01
3.24000e-04 -7.24319e-01
3.25000e-04 -7.21712e-01
3.26000e-04 -7.19120e-01
3.27000e-04 -7.16542e-01
3.28000e-04 -7.13977e-01
3.29000e-04 -7.11427e-01
3.30000e-04 -7.08890e-01
3.31000e-04 -7.06366e-01
3.32000e-04 -7.03856e-01
3.33000e-04 -7.01360e-01
3.34000e-04 -6.98876e-01
3.35000e-04 -6.96406e-01
3.36000e-04 -6.93949e-01
3.37000e-04 -6.91505e-01
3.38000e-04 -6.89074e-01
3.39000e-04 -6.86656e-01
3.40000e-04 -6.84250e-01
3.41000e-04 -6.81857e-01
3.42000e-04 -6.79477e-01
3.43000e-04 -6.77109e-01
3.44000e-04 -6.74754e-01
3.45000e-04 -6.72411e-01
3.46000e-04 -6.70080e-01
3.47000e-04 -6.67761e-01
3.48000e-04 -6.65455e-01
3.49000e-04 -6.63160e-01
3.50000e-04 -6.60877e-01
3.51000e-04 -6.58607e-01
3.52000e-04 -6.56348e-01
3.53000e-04 -6.54100e-01
3.54000e-04 -6.51864e-01
3.55000e-04 -6.49640e-01
3.56000e-04 -6.47427e-01
3.57000e-04 -6.45226e-01
3.58000e-04 -6.43036e-01
3.59000e-04 -6.40857e-01
3.60000e-04 -6.38689e-01
3.61000e-04 -6.36533e-01
3.62000e-04 -6.34387e-01
3.63000e-04 -6.32253e-01
3.64000e-04 -6.30129e-01
3.65000e-04 -6.28016e-01
3.66000e-04 -6.25914e-01
3.67000e-04 -6.23822e-01
3.68000e-04 -6.21741e-01
3.69000e-04 -6.19671e-01
3.70000e-04 -6.17611e-01
3.71000e-04 -6.15561e-01
3.72000e-04 -6.13522e-01
3.73000e-04 -6.11493e-01
3.74000e-04 -6.09475e-01
3.75000e-04 -6.07466e-01
3.76000e-04 -6.05468e-01
3.77000e-04 -6.03479e-01
3.78000e-04 -6.01501e-01
3.79000e-04 -5.99532e-01
3.80000e-04 -5.97573e-01
3.81000e-04 -5.95624e-01
3.82000e-04 -5.93685e-01
3.83000e-04 -5.91755e-01
3.84000e-04 -5.89835e-01
3.85000e-04 -5.87925e-01
3.86000e-04 -5.86023e-01
3.87000e-04 -5.84132e-01
3.88000e-04 -5.82250e-01
3.89000e-04 -5.80377e-01
3.90000e-04 -5.78513e-01
3.91000e-04 -5.76658e-01
3.92000e-04 -5.74813e-01
3.93000e-04 -5.72976e-01
3.94000e-04 -5.71149e-01
3.95000e-04 -5.69331e-01
3.96000e-04 -5.67521e-01
3.97000e-04 -5.65721e-01
3.98000e-04 -5.63929e-01
3.99000e-04 -5.62146e-01
4.00000e-04 -5.60371e-01
4.01000e-04 -5.58606e-01
4.02000e-04 -5.56849e-01
4.03000e-04 -5.55100e-01
4.04000e-04 -5.53360e-01
4.05000e-04 -5.51628e-01
4.06000e-04 -5.49905e-01
4.07000e-04 -5.48190e-01
4.08000e-04 -5.46484e-01
4.09000e-04 -5.44785e-01
4.10000e-04 -5.43095e-01
4.11000e-04 -5.41413e-01
4.12000e-04 -5.39739e-01
4.13000e-04 -5.38073e-01
4.14000e-04 -5.36415e-01
4.15000e-04 -5.34766e-01
4.16000e-04 -5.33124e-01
4.17000e-04 -5.31489e-01
4.18000e-04 -5.29863e-01
4.19000e-04 -5.28245e-01
4.20000e-04 -5.26634e-01
4.21000e-04 -5.25031e-01
4.22000e-04 -5.23435e-01
4.23000e-04 -5.21848e-01
4.24000e-04 -5.20267e-01
4.25000e-04 -5.18695e-01
4.26000e-04 -5.17129e-01
4.27000e-04 -5.15571e-01
4.28000e-04 -5.14021e-01
4.29000e-04 -5.12478e-01
4.30000e-04 -5.10942e-01
4.31000e-04 -5.09413e-01
4.32000e-04 -5.07892e-01
4.33000e-04 -5.06378e-01
4.34000e-04 -5.04871e-01
4.35000e-04 -5.03371e-01
4.36000e-04 -5.01878e-01
4.37000e-04 -5.00392e-01
4.38000e-04 -1.00000e+00
4.39000e-04 -1.00000e+00
4.40000e-04 -1.00000e+00
4.41000e-04 -1.00000e+00
4.42000e-04 -1.00000e+00
4.43000e-04 -1.00000e+00
4.44000e-04 -1.00000e+00
4.45000e-04 -1.00000e+00
4.46000e-04 -1.00000e+00
4.47000e-04 -1.00000e+00
4.48000e-04 -1.00000e+00
4.49000e-04 -1.00000e+00
4.50000e-04 -1.00000e+00
4.51000e-04 -1.00000e+00
4.52000e-04 -1.00000e+00
4.53000e-04 -1.00000e+00
4.54000e-04 -1.00000e+00
4.55000e-04 -1.00000e+00
4.56000e-04 -1.00000e+00
4.57000e-04 -1.00000e+00
4.58000e-04 -1.00000e+00
4.59000e-04 -1.00000e+00
4.60000e-04 -1.00000e+00
4.61000e-04 -1.00000e+00
4.62000e-04 -1.00000e+00
4.63000e-04 -1.00000e+00
4.64000e-04 -1.00000e+00
4.65000e-04 -1.00000e+00
4.66000e-04 -1.00000e+00
4.67000e-04 -1.00000e+00
4.68000e-04 -1.00000e+00
4.69000e-04 -1.00000e+00
4.70000e-04 -1.00000e+00
4.71000e-04 -1.00000e+00
4.72000e-04 -1.00000e+00
4.73000e-04 -1.00000e+00
4.74000e-04 -1.00000e+00
4.75000e-04 -1.00000e+00
4.76000e-04 -1.00000e+00
4.77000e-04 -1.00000e+00
4.78000e-04 -1.00000e+00
4.79000e-04 -1.00000e+00
4.80000e-04 -1.00000e+00
4.81000e-04 -1.00000e+00
4.82000e-04 -1.00000e+00
4.83000e-04 -1.00000e+00
4.84000e-04 -1.00000e+00
4.85000e-04 -1.00000e+00
4.86000e-04 -1.00000e+00
4.87000e-04 -1.00000e+00
4.88000e-04 -1.00000e+00
4.89000e-04 -1.00000e+00
4.90000e-04 -1.00000e+00
4.91000e-04 -1.00000e+00
4.92000e-04 -1.00000e+00
4.93000e-04 -1.00000e+00
4.94000e-04 -1.00000e+00
4.95000e-04 -1.00000e+00
4.96000e-04 -1.00000e+00
4.97000e-04 -1.00000e+00
4.98000e-04 -1.00000e+00
4.99000e-04 -1.00000e+00
5.00000e-04 -1.00000e+00
5.01000e-04 -1.00000e+00
5.02000e-04 -1.00000e+00
5.03000e-04 -1.00000e+00
5.04000e-04 -1.00000e+00
5.05000e-04 -1.00000e+00
5.06000e-04 -1.00000e+00
5.07000e-04 -1.00000e+00
5.08000e-04 -1.00000e+00
5.09000e-04 -1.00000e+00
5.10000e-04 -1.00000e+00
5.11000e-04 -1.00000e+00
5.12000e-04 -1.00000e+00
5.13000e-04 -1.00000e+00
5.14000e-04 -1.00000e+00
5.15000e-04 -1.00000e+00
5.16000e-04 -1.00000e+00
5.17000e-04 -1.00000e+00
5.18000e-04 -1.00000e+00
5.19000e-04 -1.00000e+00
5.20000e-04 -1.00000e+00
5.21000e-04 -1.00000e+00
5.22000e-04 -1.00000e+00
5.23000e-04 -1.00000e+00
5.24000e-04 -1.00000e+00
5.25000e-04 -1.00000e+00
5.26000e-04 -1.00000e+00
5.27000e-04 -1.00000e+00
5.28000e-04 -1.00000e+00
5.29000e-04 -1.00000e+00
5.30000e-04 -1.00000e+00
5.31000e-04 -1.00000e+00
5.32000e-04 -1.00000e+00
5.33000e-04 -1.00000e+00
5.34000e-04 -1.00000e+00
5.35000e-04 -1.00000e+00
5.36000e-04 -1.00000e+00
5.37000e-04 -1.00000e+00
5.38000e-04 -1.00000e+00
5.39000e-04 -1.00000e+00
5.40000e-04 5.00000e-02
