0.00000e+00 -5.00000e-02
1.00000e-06 -4.83222e+00
2.00000e-06 -4.83384e+00
3.00000e-06 -4.80646e+00
4.00000e-06 -4.77722e+00
5.00000e-06 -4.74685e+00
6.00000e-06 -4.71526e+00
7.00000e-06 -4.68244e+00
8.00000e-06 -4.64838e+00
9.00000e-06 -4.61311e+00
1.00000e-05 -4.57671e+00
1.10000e-05 -4.53923e+00
1.20000e-05 -4.50077e+00
1.30000e-05 -4.46142e+00
1.40000e-05 -4.42129e+00
1.50000e-05 -4.38048e+00
1.60000e-05 -4.33912e+00
1.70000e-05 -4.29730e+00
1.80000e-05 -4.25514e+00
1.90000e-05 -4.21274e+00
2.00000e-05 -4.17019e+00
2.10000e-05 -4.12760e+00
2.20000e-05 -4.08506e+00
2.30000e-05 -4.04263e+00
2.40000e-05 -4.00039e+00
2.50000e-05 -3.95840e+00
2.60000e-05 -3.91673e+00
2.70000e-05 -3.87543e+00
2.80000e-05 -3.83453e+00
2.90000e-05 -3.79407e+00
3.00000e-05 -3.75409e+00
3.10000e-05 -3.71462e+00
3.20000e-05 -3.67567e+00
3.30000e-05 -3.63726e+00
3.40000e-05 -3.59941e+00
3.50000e-05 -3.56212e+00
3.60000e-05 -3.52541e+00
3.70000e-05 -3.48927e+00
3.80000e-05 -3.45372e+00
3.90000e-05 -3.41874e+00
4.00000e-05 -3.38433e+00
4.10000e-05 -3.35050e+00
4.20000e-05 -3.31724e+00
4.30000e-05 -3.28454e+00
4.40000e-05 -3.25240e+00
4.50000e-05 -3.22080e+00
4.60000e-05 -3.18974e+00
4.70000e-05 -3.15922e+00
4.80000e-05 -3.12921e+00
4.90000e-05 -3.09972e+00
5.00000e-05 -3.07072e+00
5.10000e-05 -3.04222e+00
5.20000e-05 -3.01421e+00
5.30000e-05 -2.98666e+00
5.40000e-05 -2.95958e+00
5.50000e-05 -2.93295e+00
5.60000e-05 -2.90676e+00
5.70000e-05 -2.88101e+00
5.80000e-05 -2.85568e+00
5.90000e-05 -2.83076e+00
6.00000e-05 -2.80625e+00
6.10000e-05 -2.78213e+00
6.20000e-05 -2.75840e+00
6.30000e-05 -2.73505e+00
6.40000e-05 -2.71206e+00
6.50000e-05 -2.68943e+00
6.60000e-05 -2.66716e+00
6.70000e-05 -2.64523e+00
6.80000e-05 -2.62364e+00
6.90000e-05 -2.60237e+00
7.00000e-05 -2.58143e+00
7.10000e-05 -2.56079e+00
7.20000e-05 -2.54047e+00
7.30000e-05 -2.52044e+00
7.40000e-05 -2.50071e+00
7.50000e-05 -2.48126e+00
7.60000e-05 -2.46210e+00
7.70000e-05 -2.44320e+00
7.80000e-05 -2.42458e+00
7.90000e-05 -2.40621e+00
8.00000e-05 -2.38811e+00
8.10000e-05 -2.37025e+00
8.20000e-05 -2.35263e+00
8.30000e-05 -2.33526e+00
8.40000e-05 -2.31812e+00
8.50000e-05 -2.30121e+00
8.60000e-05 -2.28453e+00
8.70000e-05 -2.26807e+00
8.80000e-05 -2.25182e+00
8.90000e-05 -2.23578e+00
9.00000e-05 -2.21995e+00
9.10000e-05 -2.20432e+00
9.20000e-05 -2.18890e+00
9.30000e-05 -2.17366e+00
9.40000e-05 -2.15862e+00
9.50000e-05 -2.14376e+00
9.60000e-05 -2.12909e+00
9.70000e-05 -2.11459e+00
9.80000e-05 -2.10027e+00
9.90000e-05 -2.08613e+00
1.00000e-04 -2.07215e+00
1.01000e-04 -2.05834e+00
1.02000e-04 -2.04470e+00
1.03000e-04 -2.03121e+00
1.04000e-04 -2.01788e+00
1.05000e-04 -2.00471e+00
1.06000e-04 -1.99168e+00
1.07000e-04 -1.97881e+00
1.08000e-04 -1.96608e+00
1.09000e-04 -1.95349e+00
1.10000e-04 -1.94105e+00
1.11000e-04 -1.92874e+00
1.12000e-04 -1.91657e+00
1.13000e-04 -1.90453e+00
1.14000e-04 -1.89262e+00
1.15000e-04 -1.88085e+00
1.16000e-04 -1.86920e+00
1.17000e-04 -1.85767e+00
1.18000e-04 -1.84626e+00
1.19000e-04 -1.83498e+00
1.20000e-04 -1.82381e+00
1.21000e-04 -1.81276e+00
1.22000e-04 -1.80183e+00
1.23000e-04 -1.79101e+00
1.24000e-04 -1.78030e+00
1.25000e-04 -1.76969e+00
1.26000e-04 -1.75920e+00
1.27000e-04 -1.74881e+00
1.28000e-04 -1.73852e+00
1.29000e-04 -1.72834e+00
1.30000e-04 -1.71826e+00
1.31000e-04 -1.70827e+00
1.32000e-04 -1.69839e+00
1.33000e-04 -1.68860e+00
1.34000e-04 -1.67890e+00
1.35000e-04 -1.66930e+00
1.36000e-04 -1.65979e+00
1.37000e-04 -1.65037e+00
1.38000e-04 -1.64104e+00
1.39000e-04 -1.63179e+00
1.40000e-04 -1.62263e+00
1.41000e-04 -1.61356e+00
1.42000e-04 -1.60458e+00
1.43000e-04 -1.59567e+00
1.44000e-04 -1.58685e+00
1.45000e-04 -1.57810e+00
1.46000e-04 -1.56944e+00
1.47000e-04 -1.56086e+00
1.48000e-04 -1.55235e+00
1.49000e-04 -1.54391e+00
1.50000e-04 -1.53556e+00
1.51000e-04 -1.52727e+00
1.52000e-04 -1.51906e+00
1.53000e-04 -1.51093e+00
1.54000e-04 -1.50286e+00
1.55000e-04 -1.49486e+00
1.56000e-04 -1.48693e+00
1.57000e-04 -1.47907e+00
1.58000e-04 -1.47128e+00
1.59000e-04 -1.46355e+00
1.60000e-04 -1.45589e+00
1.61000e-04 -1.44830e+00
1.62000e-04 -1.44076e+00
1.63000e-04 -1.43329e+00
1.64000e-04 -1.42589e+00
1.65000e-04 -1.41854e+00
1.66000e-04 -1.41126e+00
1.67000e-04 -1.40403e+00
1.68000e-04 -1.39687e+00
1.69000e-04 -1.38976e+00
1.70000e-04 -1.38271e+00
1.71000e-04 -1.37572e+00
1.72000e-04 -1.36878e+00
1.73000e-04 -1.36190e+00
1.74000e-04 -1.35507e+00
1.75000e-04 -1.34830e+00
1.76000e-04 -1.34159e+00
1.77000e-04 -1.33492e+00
1.78000e-04 -1.32831e+00
1.79000e-04 -1.32175e+00
1.80000e-04 -1.31524e+00
1.81000e-04 -1.30878e+00
1.82000e-04 -1.30237e+00
1.83000e-04 -1.29601e+00
1.84000e-04 -1.28970e+00
1.85000e-04 -1.28344e+00
1.86000e-04 -1.27722e+00
1.87000e-04 -1.27106e+00
1.88000e-04 -1.26494e+00
1.89000e-04 -1.25886e+00
1.90000e-04 -1.25283e+00
1.91000e-04 -1.24685e+00
1.92000e-04 -1.24091e+00
1.93000e-04 -1.23501e+00
1.94000e-04 -1.22916e+00
1.95000e-04 -1.22335e+00
1.96000e-04 -1.21759e+00
1.97000e-04 -1.21186e+00
1.98000e-04 -1.20618e+00
1.99000e-04 -1.20054e+00
2.00000e-04 -1.19494e+00
2.01000e-04 -1.18938e+00
2.02000e-04 -1.18386e+00
2.03000e-04 -1.17838e+00
2.04000e-04 -1.17294e+00
2.05000e-04 -1.16754e+00
2.06000e-04 -1.16218e+00
2.07000e-04 -1.15685e+00
2.08000e-04 -1.15157e+00
2.09000e-04 -1.14632e+00
2.10000e-04 -1.14110e+00
2.11000e-04 -1.13592e+00
2.12000e-04 -1.13078e+00
2.13000e-04 -1.12568e+00
2.14000e-04 -1.12061e+00
2.15000e-04 -1.11557e+00
2.16000e-04 -1.11057e+00
2.17000e-04 -1.10561e+00
2.18000e-04 -1.10067e+00
2.19000e-04 -1.09578e+00
2.20000e-04 -1.09091e+00
2.21000e-04 -1.08608e+00
2.22000e-04 -1.08128e+00
2.23000e-04 -1.07651e+00
2.24000e-04 -1.07178e+00
2.25000e-04 -1.06707e+00
2.26000e-04 -1.06240e+00
2.27000e-04 -1.05776e+00
2.28000e-04 -1.05315e+00
2.29000e-04 -1.04857e+00
2.30000e-04 -1.04402e+00
2.31000e-04 -1.03950e+00
2.32000e-04 -1.03501e+00
2.33000e-04 -1.03055e+00
2.34000e-04 -1.02612e+00
2.35000e-04 -1.02172e+00
2.36000e-04 -1.01735e+00
2.37000e-04 -1.01300e+00
2.38000e-04 -1.00868e+00
2.39000e-04 -1.00439e+00
2.40000e-04 -1.00013e+00
2.41000e-04 -9.95897e-01
2.42000e-04 -9.91690e-01
2.43000e-04 -9.87510e-01
2.44000e-04 -9.83356e-01
2.45000e-04 -9.79228e-01
2.46000e-04 -9.75127e-01
2.47000e-04 -9.71051e-01
2.48000e-04 -9.67001e-01
2.49000e-04 -9.62977e-01
2.50000e-04 -9.58977e-01
2.51000e-04 -9.55003e-01
2.52000e-04 -9.51054e-01
2.53000e-04 -9.47129e-01
2.54000e-04 -9.43228e-01
2.55000e-04 -9.39352e-01
2.56000e-04 -9.35499e-01
2.57000e-04 -9.31671e-01
2.58000e-04 -9.27865e-01
2.59000e-04 -9.24084e-01
2.60000e-04 -9.20325e-01
2.61000e-04 -9.16589e-01
2.62000e-04 -9.12876e-01
2.63000e-04 -9.09186e-01
2.64000e-04 -9.05518e-01
2.65000e-04 -9.01872e-01
2.66000e-04 -8.98248e-01
2.67000e-04 -8.94646e-01
2.68000e-04 -8.91065e-01
2.69000e-04 -8.87506e-01
2.70000e-04 -8.83969e-01
2.71000e-04 -8.80452e-01
2.72000e-04 -8.76956e-01
2.73000e-04 -8.73481e-01
2.74000e-04 -8.70027e-01
2.75000e-04 -8.66593e-01
2.76000e-04 -8.63180e-01
2.77000e-04 -8.59786e-01
2.78000e-04 -8.56413e-01
2.79000e-04 -8.53059e-01
2.80000e-04 -8.49725e-01
2.81000e-04 -8.46410e-01
2.82000e-04 -8.43115e-01
2.83000e-04 -8.39839e-01
2.84000e-04 -8.36582e-01
2.85000e-04 -8.33344e-01
2.86000e-04 -8.30124e-01
2.87000e-04 -8.26924e-01
2.88000e-04 -8.23741e-01
2.89000e-04 -8.20577e-01
2.90000e-04 -8.17431e-01
2.91000e-04 -8.14303e-01
2.92000e-04 -8.11193e-01
2.93000e-04 -8.08101e-01
2.94000e-04 -8.05026e-01
2.95000e-04 -8.01969e-01
2.96000e-04 -7.98929e-01
2.97000e-04 -7.95906e-01
2.98000e-04 -7.92900e-01
2.99000e-04 -7.89912e-01
3.00000e-04 -7.86940e-01
3.01000e-04 -7.83985e-01
3.02000e-04 -7.81046e-01
3.03000e-04 -7.78124e-01
3.04000e-04 -7.75218e-01
3.05000e-04 -7.72328e-01
3.06000e-04 -7.69455e-01
3.07000e-04 -7.66597e-01
3.08000e-04 -7.63756e-01
3.09000e-04 -7.60930e-01
3.10000e-04 -7.58120e-01
3.11000e-04 -7.55325e-01
3.12000e-04 -7.52545e-01
3.13000e-04 -7.49781e-01
3.14000e-04 -7.47032e-01
3.15000e-04 -7.44299e-01
3.16000e-04 -7.41580e-01
3.17000e-04 -7.38876e-01
3.18000e-04 -7.36186e-01
3.19000e-04 -7.33512e-01
3.20000e-04 -7.30852e-01
3.21000e-04 -7.28206e-01
3.22000e-04 -7.25575e-01
3.23000e-04 -7.22958e-01
3.24000e-04 -7.20355e-01
3.25000e-04 -7.17766e-01
3.26000e-04 -7.15191e-01
3.27000e-04 -7.12630e-01
3.28000e-04 -7.10082e-01
3.29000e-04 -7.07548e-01
3.30000e-04 -7.05028e-01
3.31000e-04 -7.02522e-01
3.32000e-04 -7.00028e-01
3.33000e-04 -6.97548e-01
3.34000e-04 -6.95081e-01
3.35000e-04 -6.92627e-01
3.36000e-04 -6.90186e-01
3.37000e-04 -6.87759e-01
3.38000e-04 -6.85344e-01
3.39000e-04 -6.82941e-01
3.40000e-04 -6.80552e-01
3.41000e-04 -6.78174e-01
3.42000e-04 -6.75810e-01
3.43000e-04 -6.73458e-01
3.44000e-04 -6.71118e-01
3.45000e-04 -6.68790e-01
3.46000e-04 -6.66475e-01
3.47000e-04 -6.64171e-01
3.48000e-04 -6.61880e-01
3.49000e-04 -6.59600e-01
3.50000e-04 -6.57332e-01
3.51000e-04 -6.55077e-01
3.52000e-04 -6.52832e-01
3.53000e-04 -6.50600e-01
3.54000e-04 -6.48379e-01
3.55000e-04 -6.46169e-01
3.56000e-04 -6.43971e-01
3.57000e-04 -6.41784e-01
3.58000e-04 -6.39608e-01
3.59000e-04 -6.37443e-01
3.60000e-04 -6.35290e-01
3.61000e-04 -6.33147e-01
3.62000e-04 -6.31016e-01
3.63000e-04 -6.28895e-01
3.64000e-04 -6.26785e-01
3.65000e-04 -6.24686e-01
3.66000e-04 -6.22598e-01
3.67000e-04 -6.20520e-01
3.68000e-04 -6.18452e-01
3.69000e-04 -6.16395e-01
3.70000e-04 -6.14349e-01
3.71000e-04 -6.12313e-01
3.72000e-04 -6.10287e-01
3.73000e-04 -6.08271e-01
3.74000e-04 -6.06266e-01
3.75000e-04 -6.04270e-01
3.76000e-04 -6.02285e-01
3.77000e-04 -6.00309e-01
3.78000e-04 -5.98343e-01
3.79000e-04 -5.96388e-01
3.80000e-04 -5.94442e-01
3.81000e-04 -5.92505e-01
3.82000e-04 -5.90579e-01
3.83000e-04 -5.88661e-01
3.84000e-04 -5.86754e-01
3.85000e-04 -5.84856e-01
3.86000e-04 -5.82967e-01
3.87000e-04 -5.81088e-01
3.88000e-04 -5.79217e-01
3.89000e-04 -5.77357e-01
3.90000e-04 -5.75505e-01
3.91000e-04 -5.73662e-01
3.92000e-04 -5.71829e-01
3.93000e-04 -5.70005e-01
3.94000e-04 -5.68189e-01
3.95000e-04 -5.66382e-01
3.96000e-04 -5.64585e-01
3.97000e-04 -5.62796e-01
3.98000e-04 -5.61016e-01
3.99000e-04 -5.59244e-01
4.00000e-04 -5.57481e-01
4.01000e-04 -5.55727e-01
4.02000e-04 -5.53981e-01
4.03000e-04 -5.52244e-01
4.04000e-04 -5.50515e-01
4.05000e-04 -5.48795e-01
4.06000e-04 -5.47083e-01
4.07000e-04 -5.45379e-01
4.08000e-04 -5.43683e-01
4.09000e-04 -5.41996e-01
4.10000e-04 -5.40317e-01
4.11000e-04 -5.38646e-01
4.12000e-04 -5.36983e-01
4.13000e-04 -5.35327e-01
4.14000e-04 -5.33680e-01
4.15000e-04 -5.32041e-01
4.16000e-04 -5.30410e-01
4.17000e-04 -5.28786e-01
4.18000e-04 -5.27170e-01
4.19000e-04 -5.25562e-01
4.20000e-04 -5.23962e-01
4.21000e-04 -5.22369e-01
4.22000e-04 -5.20784e-01
4.23000e-04 -5.19207e-01
4.24000e-04 -5.17637e-01
4.25000e-04 -5.16074e-01
4.26000e-04 -5.14519e-01
4.27000e-04 -5.12971e-01
4.28000e-04 -5.11431e-01
4.29000e-04 -5.09897e-01
4.30000e-04 -5.08372e-01
4.31000e-04 -5.06853e-01
4.32000e-04 -5.05341e-01
4.33000e-04 -5.03837e-01
4.34000e-04 -5.02340e-01
4.35000e-04 -5.00849e-01
4.36000e-04 -1.00000e+00
4.37000e-04 -1.00000e+00
4.38000e-04 -1.00000e+00
4.39000e-04 -1.00000e+00
4.40000e-04 -1.00000e+00
4.41000e-04 -1.00000e+00
4.42000e-04 -1.00000e+00
4.43000e-04 -1.00000e+00
4.44000e-04 -1.00000e+00
4.45000e-04 -1.00000e+00
4.46000e-04 -1.00000e+00
4.47000e-04 -1.00000e+00
4.48000e-04 -1.00000e+00
4.49000e-04 -1.00000e+00
4.50000e-04 -1.00000e+00
4.51000e-04 -1.00000e+00
4.52000e-04 -1.00000e+00
4.53000e-04 -1.00000e+00
4.54000e-04 -1.00000e+00
4.55000e-04 -1.00000e+00
4.56000e-04 -1.00000e+00
4.57000e-04 -1.00000e+00
4.58000e-04 -1.00000e+00
4.59000e-04 -1.00000e+00
4.60000e-04 -1.00000e+00
4.61000e-04 -1.00000e+00
4.62000e-04 -1.00000e+00
4.63000e-04 -1.00000e+00
4.64000e-04 -1.00000e+00
4.65000e-04 -1.00000e+00
4.66000e-04 -1.00000e+00
4.67000e-04 -1.00000e+00
4.68000e-04 -1.00000e+00
4.69000e-04 -1.00000e+00
4.70000e-04 -1.00000e+00
4.71000e-04 -1.00000e+00
4.72000e-04 -1.00000e+00
4.73000e-04 -1.00000e+00
4.74000e-04 -1.00000e+00
4.75000e-04 -1.00000e+00
4.76000e-04 -1.00000e+00
4.77000e-04 -1.00000e+00
4.78000e-04 -1.00000e+00
4.79000e-04 -1.00000e+00
4.80000e-04 -1.00000e+00
4.81000e-04 -1.00000e+00
4.82000e-04 -1.00000e+00
4.83000e-04 -1.00000e+00
4.84000e-04 -1.00000e+00
4.85000e-04 -1.00000e+00
4.86000e-04 -1.00000e+00
4.87000e-04 -1.00000e+00
4.88000e-04 -1.00000e+00
4.89000e-04 -1.00000e+00
4.90000e-04 -1.00000e+00
4.91000e-04 -1.00000e+00
4.92000e-04 -1.00000e+00
4.93000e-04 -1.00000e+00
4.94000e-04 -1.00000e+00
4.95000e-04 -1.00000e+00
4.96000e-04 -1.00000e+00
4.97000e-04 -1.00000e+00
4.98000e-04 -1.00000e+00
4.99000e-04 -1.00000e+00
5.00000e-04 -1.00000e+00
5.01000e-04 -1.00000e+00
5.02000e-04 -1.00000e+00
5.03000e-04 -1.00000e+00
5.04000e-04 -1.00000e+00
5.05000e-04 -1.00000e+00
5.06000e-04 -1.00000e+00
5.07000e-04 -1.00000e+00
5.08000e-04 -1.00000e+00
5.09000e-04 -1.00000e+00
5.10000e-04 -1.00000e+00
5.11000e-04 -1.00000e+00
5.12000e-04 -1.00000e+00
5.13000e-04 -1.00000e+00
5.14000e-04 -1.00000e+00
5.15000e-04 -1.00000e+00
5.16000e-04 -1.00000e+00
5.17000e-04 -1.00000e+00
5.18000e-04 -1.00000e+00
5.19000e-04 -1.00000e+00
5.20000e-04 -1.00000e+00
5.21000e-04 -1.00000e+00
5.22000e-04 -1.00000e+00
5.23000e-04 -1.00000e+00
5.24000e-04 -1.00000e+00
5.25000e-04 -1.00000e+00
5.26000e-04 -1.00000e+00
5.27000e-04 -1.00000e+00
5.28000e-04 -1.00000e+00
5.29000e-04 -1.00000e+00
5.30000e-04 -1.00000e+00
5.31000e-04 -1.00000e+00
5.32000e-04 -1.00000e+00
5.33000e-04 -1.00000e+00
5.34000e-04 -1.00000e+00
5.35000e-04 -1.00000e+00
5.36000e-04 -1.00000e+00
5.37000e-04 -1.00000e+00
5.38000e-04 5.00000e-02
