0.00000e+00 -5.00000e-02
1.00000e-06 -4.53743e+00
2.00000e-06 -4.54138e+00
3.00000e-06 -4.48756e+00
4.00000e-06 -4.43079e+00
5.00000e-06 -4.37454e+00
6.00000e-06 -4.31895e+00
7.00000e-06 -4.26404e+00
8.00000e-06 -4.20982e+00
9.00000e-06 -4.15634e+00
1.00000e-05 -4.10363e+00
1.10000e-05 -4.05173e+00
1.20000e-05 -4.00069e+00
1.30000e-05 -3.95052e+00
1.40000e-05 -3.90126e+00
1.50000e-05 -3.85292e+00
1.60000e-05 -3.80551e+00
1.70000e-05 -3.75904e+00
1.80000e-05 -3.71351e+00
1.90000e-05 -3.66891e+00
2.00000e-05 -3.62524e+00
2.10000e-05 -3.58248e+00
2.20000e-05 -3.54063e+00
2.30000e-05 -3.49967e+00
2.40000e-05 -3.45958e+00
2.50000e-05 -3.42035e+00
2.60000e-05 -3.38196e+00
2.70000e-05 -3.34438e+00
2.80000e-05 -3.30760e+00
2.90000e-05 -3.27160e+00
3.00000e-05 -3.23635e+00
3.10000e-05 -3.20185e+00
3.20000e-05 -3.16805e+00
3.30000e-05 -3.13496e+00
3.40000e-05 -3.10254e+00
3.50000e-05 -3.07078e+00
3.60000e-05 -3.03966e+00
3.70000e-05 -3.00916e+00
3.80000e-05 -2.97926e+00
3.90000e-05 -2.94995e+00
4.00000e-05 -2.92120e+00
4.10000e-05 -2.89301e+00
4.20000e-05 -2.86535e+00
4.30000e-05 -2.83822e+00
4.40000e-05 -2.81159e+00
4.50000e-05 -2.78545e+00
4.60000e-05 -2.75979e+00
4.70000e-05 -2.73459e+00
4.80000e-05 -2.70985e+00
4.90000e-05 -2.68554e+00
5.00000e-05 -2.66166e+00
5.10000e-05 -2.63819e+00
5.20000e-05 -2.61512e+00
5.30000e-05 -2.59245e+00
5.40000e-05 -2.57015e+00
5.50000e-05 -2.54823e+00
5.60000e-05 -2.52667e+00
5.70000e-05 -2.50546e+00
5.80000e-05 -2.48460e+00
5.90000e-05 -2.46407e+00
6.00000e-05 -2.44386e+00
6.10000e-05 -2.42397e+00
6.20000e-05 -2.40438e+00
6.30000e-05 -2.38510e+00
6.40000e-05 -2.36612e+00
6.50000e-05 -2.34741e+00
6.60000e-05 -2.32899e+00
6.70000e-05 -2.31084e+00
6.80000e-05 -2.29296e+00
6.90000e-05 -2.27534e+00
7.00000e-05 -2.25796e+00
7.10000e-05 -2.24084e+00
7.20000e-05 -2.22396e+00
7.30000e-05 -2.20732e+00
7.40000e-05 -2.19090e+00
7.50000e-05 -2.17472e+00
7.60000e-05 -2.15875e+00
7.70000e-05 -2.14300e+00
7.80000e-05 -2.12746e+00
7.90000e-05 -2.11212e+00
8.00000e-05 -2.09699e+00
8.10000e-05 -2.08206e+00
8.20000e-05 -2.06732e+00
8.30000e-05 -2.05277e+00
8.40000e-05 -2.03840e+00
8.50000e-05 -2.02422e+00
8.60000e-05 -2.01022e+00
8.70000e-05 -1.99638e+00
8.80000e-05 -1.98272e+00
8.90000e-05 -1.96923e+00
9.00000e-05 -1.95590e+00
9.10000e-05 -1.94274e+00
9.20000e-05 -1.92973e+00
9.30000e-05 -1.91687e+00
9.40000e-05 -1.90417e+00
9.50000e-05 -1.89161e+00
9.60000e-05 -1.87920e+00
9.70000e-05 -1.86694e+00
9.80000e-05 -1.85481e+00
9.90000e-05 -1.84283e+00
1.00000e-04 -1.83098e+00
1.01000e-04 -1.81926e+00
1.02000e-04 -1.80767e+00
1.03000e-04 -1.79621e+00
1.04000e-04 -1.78488e+00
1.05000e-04 -1.77367e+00
1.06000e-04 -1.76258e+00
1.07000e-04 -1.75161e+00
1.08000e-04 -1.74076e+00
1.09000e-04 -1.73003e+00
1.10000e-04 -1.71941e+00
1.11000e-04 -1.70890e+00
1.12000e-04 -1.69850e+00
1.13000e-04 -1.68821e+00
1.14000e-04 -1.67802e+00
1.15000e-04 -1.66794e+00
1.16000e-04 -1.65796e+00
1.17000e-04 -1.64808e+00
1.18000e-04 -1.63831e+00
1.19000e-04 -1.62863e+00
1.20000e-04 -1.61904e+00
1.21000e-04 -1.60955e+00
1.22000e-04 -1.60016e+00
1.23000e-04 -1.59085e+00
1.24000e-04 -1.58164e+00
1.25000e-04 -1.57252e+00
1.26000e-04 -1.56348e+00
1.27000e-04 -1.55453e+00
1.28000e-04 -1.54567e+00
1.29000e-04 -1.53689e+00
1.30000e-04 -1.52819e+00
1.31000e-04 -1.51957e+00
1.32000e-04 -1.51104e+00
1.33000e-04 -1.50258e+00
1.34000e-04 -1.49420e+00
1.35000e-04 -1.48590e+00
1.36000e-04 -1.47767e+00
1.37000e-04 -1.46952e+00
1.38000e-04 -1.46144e+00
1.39000e-04 -1.45343e+00
1.40000e-04 -1.44550e+00
1.41000e-04 -1.43764e+00
1.42000e-04 -1.42984e+00
1.43000e-04 -1.42212e+00
1.44000e-04 -1.41446e+00
1.45000e-04 -1.40687e+00
1.46000e-04 -1.39934e+00
1.47000e-04 -1.39188e+00
1.48000e-04 -1.38449e+00
1.49000e-04 -1.37716e+00
1.50000e-04 -1.36989e+00
1.51000e-04 -1.36268e+00
1.52000e-04 -1.35553e+00
1.53000e-04 -1.34844e+00
1.54000e-04 -1.34142e+00
1.55000e-04 -1.33445e+00
1.56000e-04 -1.32754e+00
1.57000e-04 -1.32068e+00
1.58000e-04 -1.31389e+00
1.59000e-04 -1.30714e+00
1.60000e-04 -1.30046e+00
1.61000e-04 -1.29383e+00
1.62000e-04 -1.28725e+00
1.63000e-04 -1.28072e+00
1.64000e-04 -1.27425e+00
1.65000e-04 -1.26783e+00
1.66000e-04 -1.26146e+00
1.67000e-04 -1.25514e+00
1.68000e-04 -1.24887e+00
1.69000e-04 -1.24265e+00
1.70000e-04 -1.23648e+00
1.71000e-04 -1.23035e+00
1.72000e-04 -1.22428e+00
1.73000e-04 -1.21825e+00
1.74000e-04 -1.21227e+00
1.75000e-04 -1.20633e+00
1.76000e-04 -1.20044e+00
1.77000e-04 -1.19460e+00
1.78000e-04 -1.18880e+00
1.79000e-04 -1.18304e+00
1.80000e-04 -1.17732e+00
1.81000e-04 -1.17165e+00
1.82000e-04 -1.16603e+00
1.83000e-04 -1.16044e+00
1.84000e-04 -1.15490e+00
1.85000e-04 -1.14939e+00
1.86000e-04 -1.14393e+00
1.87000e-04 -1.13851e+00
1.88000e-04 -1.13313e+00
1.89000e-04 -1.12778e+00
1.90000e-04 -1.12248e+00
1.91000e-04 -1.11721e+00
1.92000e-04 -1.11199e+00
1.93000e-04 -1.10680e+00
1.94000e-04 -1.10164e+00
1.95000e-04 -1.09653e+00
1.96000e-04 -1.09145e+00
1.97000e-04 -1.08641e+00
1.98000e-04 -1.08140e+00
1.99000e-04 -1.07643e+00
2.00000e-04 -1.07149e+00
2.01000e-04 -1.06659e+00
2.02000e-04 -1.06172e+00
2.03000e-04 -1.05689e+00
2.04000e-04 -1.05209e+00
2.05000e-04 -1.04733e+00
2.06000e-04 -1.04259e+00
2.07000e-04 -1.03789e+00
2.08000e-04 -1.03322e+00
2.09000e-04 -1.02859e+00
2.10000e-04 -1.02398e+00
2.11000e-04 -1.01941e+00
2.12000e-04 -1.01487e+00
2.13000e-04 -1.01036e+00
2.14000e-04 -1.00588e+00
2.15000e-04 -1.00143e+00
2.16000e-04 -9.97011e-01
2.17000e-04 -9.92620e-01
2.18000e-04 -9.88260e-01
2.19000e-04 -9.83928e-01
2.20000e-04 -9.79625e-01
2.21000e-04 -9.75351e-01
2.22000e-04 -9.71105e-01
2.23000e-04 -9.66887e-01
2.24000e-04 -9.62697e-01
2.25000e-04 -9.58534e-01
2.26000e-04 -9.54399e-01
2.27000e-04 -9.50290e-01
2.28000e-04 -9.46209e-01
2.29000e-04 -9.42154e-01
2.30000e-04 -9.38125e-01
2.31000e-04 -9.34122e-01
2.32000e-04 -9.30145e-01
2.33000e-04 -9.26194e-01
2.34000e-04 -9.22268e-01
2.35000e-04 -9.18367e-01
2.36000e-04 -9.14491e-01
2.37000e-04 -9.10640e-01
2.38000e-04 -9.06813e-01
2.39000e-04 -9.03011e-01
2.40000e-04 -8.99232e-01
2.41000e-04 -8.95477e-01
2.42000e-04 -8.91746e-01
2.43000e-04 -8.88039e-01
2.44000e-04 -8.84354e-01
2.45000e-04 -8.80693e-01
2.46000e-04 -8.77054e-01
2.47000e-04 -8.73439e-01
2.48000e-04 -8.69845e-01
2.49000e-04 -8.66274e-01
2.50000e-04 -8.62725e-01
2.51000e-04 -8.59197e-01
2.52000e-04 -8.55692e-01
2.53000e-04 -8.52208e-01
2.54000e-04 -8.48745e-01
2.55000e-04 -8.45303e-01
2.56000e-04 -8.41882e-01
2.57000e-04 -8.38483e-01
2.58000e-04 -8.35103e-01
2.59000e-04 -8.31744e-01
2.60000e-04 -8.28406e-01
2.61000e-04 -8.25088e-01
2.62000e-04 -8.21789e-01
2.63000e-04 -8.18511e-01
2.64000e-04 -8.15252e-01
2.65000e-04 -8.12012e-01
2.66000e-04 -8.08792e-01
2.67000e-04 -8.05591e-01
2.68000e-04 -8.02409e-01
2.69000e-04 -7.99246e-01
2.70000e-04 -7.96102e-01
2.71000e-04 -7.92976e-01
2.72000e-04 -7.89868e-01
2.73000e-04 -7.86779e-01
2.74000e-04 -7.83708e-01
2.75000e-04 -7.80655e-01
2.76000e-04 -7.77620e-01
2.77000e-04 -7.74603e-01
2.78000e-04 -7.71603e-01
2.79000e-04 -7.68620e-01
2.80000e-04 -7.65655e-01
2.81000e-04 -7.62707e-01
2.82000e-04 -7.59777e-01
2.83000e-04 -7.56863e-01
2.84000e-04 -7.53965e-01
2.85000e-04 -7.51085e-01
2.86000e-04 -7.48221e-01
2.87000e-04 -7.45373e-01
2.88000e-04 -7.42542e-01
2.89000e-04 -7.39727e-01
2.90000e-04 -7.36928e-01
2.91000e-04 -7.34144e-01
2.92000e-04 -7.31377e-01
2.93000e-04 -7.28625e-01
2.94000e-04 -7.25889e-01
2.95000e-04 -7.23168e-01
2.96000e-04 -7.20463e-01
2.97000e-04 -7.17773e-01
2.98000e-04 -7.15098e-01
2.99000e-04 -7.12438e-01
3.00000e-04 -7.09793e-01
3.01000e-04 -7.07162e-01
3.02000e-04 -7.04546e-01
3.03000e-04 -7.01945e-01
3.04000e-04 -6.99359e-01
3.05000e-04 -6.96786e-01
3.06000e-04 -6.94228e-01
3.07000e-04 -6.91684e-01
3.08000e-04 -6.89155e-01
3.09000e-04 -6.86639e-01
3.10000e-04 -6.84137e-01
3.11000e-04 -6.81648e-01
3.12000e-04 -6.79174e-01
3.13000e-04 -6.76713e-01
3.14000e-04 -6.74265e-01
3.15000e-04 -6.71831e-01
3.16000e-04 -6.69410e-01
3.17000e-04 -6.67002e-01
3.18000e-04 -6.64607e-01
3.19000e-04 -6.62226e-01
3.20000e-04 -6.59857e-01
3.21000e-04 -6.57501e-01
3.22000e-04 -6.55158e-01
3.23000e-04 -6.52827e-01
3.24000e-04 -6.50509e-01
3.25000e-04 -6.48204e-01
3.26000e-04 -6.45911e-01
3.27000e-04 -6.43630e-01
3.28000e-04 -6.41361e-01
3.29000e-04 -6.39105e-01
3.30000e-04 -6.36860e-01
3.31000e-04 -6.34628e-01
3.32000e-04 -6.32407e-01
3.33000e-04 -6.30199e-01
3.34000e-04 -6.28002e-01
3.35000e-04 -6.25816e-01
3.36000e-04 -6.23642e-01
3.37000e-04 -6.21480e-01
3.38000e-04 -6.19329e-01
3.39000e-04 -6.17190e-01
3.40000e-04 -6.15061e-01
3.41000e-04 -6.12944e-01
3.42000e-04 -6.10838e-01
3.43000e-04 -6.08744e-01
3.44000e-04 -6.06660e-01
3.45000e-04 -6.04587e-01
3.46000e-04 -6.02524e-01
3.47000e-04 -6.00473e-01
3.48000e-04 -5.98432e-01
3.49000e-04 -5.96402e-01
3.50000e-04 -5.94383e-01
3.51000e-04 -5.92374e-01
3.52000e-04 -5.90375e-01
3.53000e-04 -5.88387e-01
3.54000e-04 -5.86409e-01
3.55000e-04 -5.84441e-01
3.56000e-04 -5.82483e-01
3.57000e-04 -5.80536e-01
3.58000e-04 -5.78598e-01
3.59000e-04 -5.76670e-01
3.60000e-04 -5.74753e-01
3.61000e-04 -5.72845e-01
3.62000e-04 -5.70947e-01
3.63000e-04 -5.69058e-01
3.64000e-04 -5.67180e-01
3.65000e-04 -5.65311e-01
3.66000e-04 -5.63451e-01
3.67000e-04 -5.61601e-01
3.68000e-04 -5.59760e-01
3.69000e-04 -5.57929e-01
3.70000e-04 -5.56106e-01
3.71000e-04 -5.54294e-01
3.72000e-04 -5.52490e-01
3.73000e-04 -5.50695e-01
3.74000e-04 -5.48910e-01
3.75000e-04 -5.47133e-01
3.76000e-04 -5.45366e-01
3.77000e-04 -5.43607e-01
3.78000e-04 -5.41857e-01
3.79000e-04 -5.40116e-01
3.80000e-04 -5.38384e-01
3.81000e-04 -5.36660e-01
3.82000e-04 -5.34945e-01
3.83000e-04 -5.33238e-01
3.84000e-04 -5.31540e-01
3.85000e-04 -5.29851e-01
3.86000e-04 -5.28170e-01
3.87000e-04 -5.26497e-01
3.88000e-04 -5.24833e-01
3.89000e-04 -5.23177e-01
3.90000e-04 -5.21529e-01
3.91000e-04 -5.19889e-01
3.92000e-04 -5.18258e-01
3.93000e-04 -5.16634e-01
3.94000e-04 -5.15018e-01
3.95000e-04 -5.13411e-01
3.96000e-04 -5.11811e-01
3.97000e-04 -5.10220e-01
3.98000e-04 -5.08636e-01
3.99000e-04 -5.07059e-01
4.00000e-04 -5.05491e-01
4.01000e-04 -5.03930e-01
4.02000e-04 -5.02377e-01
4.03000e-04 -5.00832e-01
4.04000e-04 -1.00000e+00
4.05000e-04 -1.00000e+00
4.06000e-04 -1.00000e+00
4.07000e-04 -1.00000e+00
4.08000e-04 -1.00000e+00
4.09000e-04 -1.00000e+00
4.10000e-04 -1.00000e+00
4.11000e-04 -1.00000e+00
4.12000e-04 -1.00000e+00
4.13000e-04 -1.00000e+00
4.14000e-04 -1.00000e+00
4.15000e-04 -1.00000e+00
4.16000e-04 -1.00000e+00
4.17000e-04 -1.00000e+00
4.18000e-04 -1.00000e+00
4.19000e-04 -1.00000e+00
4.20000e-04 -1.00000e+00
4.21000e-04 -1.00000e+00
4.22000e-04 -1.00000e+00
4.23000e-04 -1.00000e+00
4.24000e-04 -1.00000e+00
4.25000e-04 -1.00000e+00
4.26000e-04 -1.00000e+00
4.27000e-04 -1.00000e+00
4.28000e-04 -1.00000e+00
4.29000e-04 -1.00000e+00
4.30000e-04 -1.00000e+00
4.31000e-04 -1.00000e+00
4.32000e-04 -1.00000e+00
4.33000e-04 -1.00000e+00
4.34000e-04 -1.00000e+00
4.35000e-04 -1.00000e+00
4.36000e-04 -1.00000e+00
4.37000e-04 -1.00000e+00
4.38000e-04 -1.00000e+00
4.39000e-04 -1.00000e+00
4.40000e-04 -1.00000e+00
4.41000e-04 -1.00000e+00
4.42000e-04 -1.00000e+00
4.43000e-04 -1.00000e+00
4.44000e-04 -1.00000e+00
4.45000e-04 -1.00000e+00
4.46000e-04 -1.00000e+00
4.47000e-04 -1.00000e+00
4.48000e-04 -1.00000e+00
4.49000e-04 -1.00000e+00
4.50000e-04 -1.00000e+00
4.51000e-04 -1.00000e+00
4.52000e-04 -1.00000e+00
4.53000e-04 -1.00000e+00
4.54000e-04 -1.00000e+00
4.55000e-04 -1.00000e+00
4.56000e-04 -1.00000e+00
4.57000e-04 -1.00000e+00
4.58000e-04 -1.00000e+00
4.59000e-04 -1.00000e+00
4.60000e-04 -1.00000e+00
4.61000e-04 -1.00000e+00
4.62000e-04 -1.00000e+00
4.63000e-04 -1.00000e+00
4.64000e-04 -1.00000e+00
4.65000e-04 -1.00000e+00
4.66000e-04 -1.00000e+00
4.67000e-04 -1.00000e+00
4.68000e-04 -1.00000e+00
4.69000e-04 -1.00000e+00
4.70000e-04 -1.00000e+00
4.71000e-04 -1.00000e+00
4.72000e-04 -1.00000e+00
4.73000e-04 -1.00000e+00
4.74000e-04 -1.00000e+00
4.75000e-04 -1.00000e+00
4.76000e-04 -1.00000e+00
4.77000e-04 -1.00000e+00
4.78000e-04 -1.00000e+00
4.79000e-04 -1.00000e+00
4.80000e-04 -1.00000e+00
4.81000e-04 -1.00000e+00
4.82000e-04 -1.00000e+00
4.83000e-04 -1.00000e+00
4.84000e-04 -1.00000e+00
4.85000e-04 -1.00000e+00
4.86000e-04 -1.00000e+00
4.87000e-04 -1.00000e+00
4.88000e-04 -1.00000e+00
4.89000e-04 -1.00000e+00
4.90000e-04 -1.00000e+00
4.91000e-04 -1.00000e+00
4.92000e-04 -1.00000e+00
4.93000e-04 -1.00000e+00
4.94000e-04 -1.00000e+00
4.95000e-04 -1.00000e+00
4.96000e-04 -1.00000e+00
4.97000e-04 -1.00000e+00
4.98000e-04 -1.00000e+00
4.99000e-04 -1.00000e+00
5.00000e-04 -1.00000e+00
5.01000e-04 -1.00000e+00
5.02000e-04 5.00000e-02
