0.00000e+00 -5.00000e-02
1.00000e-06 -4.56752e+00
2.00000e-06 -4.57125e+00
3.00000e-06 -4.51919e+00
4.00000e-06 -4.46422e+00
5.00000e-06 -4.40956e+00
6.00000e-06 -4.35535e+00
7.00000e-06 -4.30161e+00
8.00000e-06 -4.24837e+00
9.00000e-06 -4.19570e+00
1.00000e-05 -4.14364e+00
1.10000e-05 -4.09225e+00
1.20000e-05 -4.04158e+00
1.30000e-05 -3.99167e+00
1.40000e-05 -3.94256e+00
1.50000e-05 -3.89429e+00
1.60000e-05 -3.84687e+00
1.70000e-05 -3.80031e+00
1.80000e-05 -3.75464e+00
1.90000e-05 -3.70984e+00
2.00000e-05 -3.66593e+00
2.10000e-05 -3.62290e+00
2.20000e-05 -3.58075e+00
2.30000e-05 -3.53946e+00
2.40000e-05 -3.49902e+00
2.50000e-05 -3.45941e+00
2.60000e-05 -3.42063e+00
2.70000e-05 -3.38266e+00
2.80000e-05 -3.34547e+00
2.90000e-05 -3.30906e+00
3.00000e-05 -3.27340e+00
3.10000e-05 -3.23847e+00
3.20000e-05 -3.20426e+00
3.30000e-05 -3.17074e+00
3.40000e-05 -3.13791e+00
3.50000e-05 -3.10573e+00
3.60000e-05 -3.07420e+00
3.70000e-05 -3.04329e+00
3.80000e-05 -3.01298e+00
3.90000e-05 -2.98327e+00
4.00000e-05 -2.95413e+00
4.10000e-05 -2.92555e+00
4.20000e-05 -2.89751e+00
4.30000e-05 -2.86999e+00
4.40000e-05 -2.84299e+00
4.50000e-05 -2.81649e+00
4.60000e-05 -2.79046e+00
4.70000e-05 -2.76491e+00
4.80000e-05 -2.73981e+00
4.90000e-05 -2.71516e+00
5.00000e-05 -2.69094e+00
5.10000e-05 -2.66714e+00
5.20000e-05 -2.64375e+00
5.30000e-05 -2.62076e+00
5.40000e-05 -2.59815e+00
5.50000e-05 -2.57592e+00
5.60000e-05 -2.55406e+00
5.70000e-05 -2.53256e+00
5.80000e-05 -2.51140e+00
5.90000e-05 -2.49058e+00
6.00000e-05 -2.47009e+00
6.10000e-05 -2.44992e+00
6.20000e-05 -2.43007e+00
6.30000e-05 -2.41053e+00
6.40000e-05 -2.39128e+00
6.50000e-05 -2.37232e+00
6.60000e-05 -2.35365e+00
6.70000e-05 -2.33525e+00
6.80000e-05 -2.31712e+00
6.90000e-05 -2.29926e+00
7.00000e-05 -2.28166e+00
7.10000e-05 -2.26431e+00
7.20000e-05 -2.24720e+00
7.30000e-05 -2.23033e+00
7.40000e-05 -2.21370e+00
7.50000e-05 -2.19730e+00
7.60000e-05 -2.18112e+00
7.70000e-05 -2.16516e+00
7.80000e-05 -2.14942e+00
7.90000e-05 -2.13389e+00
8.00000e-05 -2.11856e+00
8.10000e-05 -2.10343e+00
8.20000e-05 -2.08850e+00
8.30000e-05 -2.07377e+00
8.40000e-05 -2.05922e+00
8.50000e-05 -2.04485e+00
8.60000e-05 -2.03067e+00
8.70000e-05 -2.01666e+00
8.80000e-05 -2.00283e+00
8.90000e-05 -1.98917e+00
9.00000e-05 -1.97567e+00
9.10000e-05 -1.96234e+00
9.20000e-05 -1.94917e+00
9.30000e-05 -1.93615e+00
9.40000e-05 -1.92329e+00
9.50000e-05 -1.91058e+00
9.60000e-05 -1.89802e+00
9.70000e-05 -1.88561e+00
9.80000e-05 -1.87333e+00
9.90000e-05 -1.86120e+00
1.00000e-04 -1.84921e+00
1.01000e-04 -1.83735e+00
1.02000e-04 -1.82562e+00
1.03000e-04 -1.81402e+00
1.04000e-04 -1.80256e+00
1.05000e-04 -1.79121e+00
1.06000e-04 -1.77999e+00
1.07000e-04 -1.76890e+00
1.08000e-04 -1.75792e+00
1.09000e-04 -1.74706e+00
1.10000e-04 -1.73631e+00
1.11000e-04 -1.72568e+00
1.12000e-04 -1.71516e+00
1.13000e-04 -1.70474e+00
1.14000e-04 -1.69444e+00
1.15000e-04 -1.68424e+00
1.16000e-04 -1.67415e+00
1.17000e-04 -1.66416e+00
1.18000e-04 -1.65427e+00
1.19000e-04 -1.64448e+00
1.20000e-04 -1.63478e+00
1.21000e-04 -1.62519e+00
1.22000e-04 -1.61568e+00
1.23000e-04 -1.60628e+00
1.24000e-04 -1.59696e+00
1.25000e-04 -1.58773e+00
1.26000e-04 -1.57859e+00
1.27000e-04 -1.56954e+00
1.28000e-04 -1.56058e+00
1.29000e-04 -1.55170e+00
1.30000e-04 -1.54291e+00
1.31000e-04 -1.53419e+00
1.32000e-04 -1.52556e+00
1.33000e-04 -1.51701e+00
1.34000e-04 -1.50854e+00
1.35000e-04 -1.50015e+00
1.36000e-04 -1.49183e+00
1.37000e-04 -1.48359e+00
1.38000e-04 -1.47542e+00
1.39000e-04 -1.46733e+00
1.40000e-04 -1.45931e+00
1.41000e-04 -1.45136e+00
1.42000e-04 -1.44348e+00
1.43000e-04 -1.43567e+00
1.44000e-04 -1.42793e+00
1.45000e-04 -1.42026e+00
1.46000e-04 -1.41265e+00
1.47000e-04 -1.40511e+00
1.48000e-04 -1.39764e+00
1.49000e-04 -1.39023e+00
1.50000e-04 -1.38288e+00
1.51000e-04 -1.37560e+00
1.52000e-04 -1.36837e+00
1.53000e-04 -1.36121e+00
1.54000e-04 -1.35411e+00
1.55000e-04 -1.34707e+00
1.56000e-04 -1.34008e+00
1.57000e-04 -1.33316e+00
1.58000e-04 -1.32629e+00
1.59000e-04 -1.31948e+00
1.60000e-04 -1.31272e+00
1.61000e-04 -1.30602e+00
1.62000e-04 -1.29937e+00
1.63000e-04 -1.29278e+00
1.64000e-04 -1.28624e+00
1.65000e-04 -1.27975e+00
1.66000e-04 -1.27331e+00
1.67000e-04 -1.26693e+00
1.68000e-04 -1.26059e+00
1.69000e-04 -1.25431e+00
1.70000e-04 -1.24807e+00
1.71000e-04 -1.24189e+00
1.72000e-04 -1.23575e+00
1.73000e-04 -1.22966e+00
1.74000e-04 -1.22362e+00
1.75000e-04 -1.21762e+00
1.76000e-04 -1.21167e+00
1.77000e-04 -1.20576e+00
1.78000e-04 -1.19990e+00
1.79000e-04 -1.19409e+00
1.80000e-04 -1.18832e+00
1.81000e-04 -1.18259e+00
1.82000e-04 -1.17690e+00
1.83000e-04 -1.17126e+00
1.84000e-04 -1.16566e+00
1.85000e-04 -1.16010e+00
1.86000e-04 -1.15458e+00
1.87000e-04 -1.14911e+00
1.88000e-04 -1.14367e+00
1.89000e-04 -1.13827e+00
1.90000e-04 -1.13291e+00
1.91000e-04 -1.12760e+00
1.92000e-04 -1.12232e+00
1.93000e-04 -1.11707e+00
1.94000e-04 -1.11187e+00
1.95000e-04 -1.10670e+00
1.96000e-04 -1.10157e+00
1.97000e-04 -1.09648e+00
1.98000e-04 -1.09142e+00
1.99000e-04 -1.08640e+00
2.00000e-04 -1.08142e+00
2.01000e-04 -1.07647e+00
2.02000e-04 -1.07155e+00
2.03000e-04 -1.06667e+00
2.04000e-04 -1.06182e+00
2.05000e-04 -1.05701e+00
2.06000e-04 -1.05223e+00
2.07000e-04 -1.04748e+00
2.08000e-04 -1.04277e+00
2.09000e-04 -1.03809e+00
2.10000e-04 -1.03344e+00
2.11000e-04 -1.02882e+00
2.12000e-04 -1.02423e+00
2.13000e-04 -1.01968e+00
2.14000e-04 -1.01516e+00
2.15000e-04 -1.01066e+00
2.16000e-04 -1.00620e+00
2.17000e-04 -1.00176e+00
2.18000e-04 -9.97361e-01
2.19000e-04 -9.92987e-01
2.20000e-04 -9.88642e-01
2.21000e-04 -9.84326e-01
2.22000e-04 -9.80038e-01
2.23000e-04 -9.75779e-01
2.24000e-04 -9.71547e-01
2.25000e-04 -9.67344e-01
2.26000e-04 -9.63168e-01
2.27000e-04 -9.59020e-01
2.28000e-04 -9.54898e-01
2.29000e-04 -9.50803e-01
2.30000e-04 -9.46735e-01
2.31000e-04 -9.42693e-01
2.32000e-04 -9.38678e-01
2.33000e-04 -9.34688e-01
2.34000e-04 -9.30723e-01
2.35000e-04 -9.26785e-01
2.36000e-04 -9.22871e-01
2.37000e-04 -9.18982e-01
2.38000e-04 -9.15118e-01
2.39000e-04 -9.11279e-01
2.40000e-04 -9.07463e-01
2.41000e-04 -9.03672e-01
2.42000e-04 -8.99905e-01
2.43000e-04 -8.96161e-01
2.44000e-04 -8.92441e-01
2.45000e-04 -8.88744e-01
2.46000e-04 -8.85070e-01
2.47000e-04 -8.81419e-01
2.48000e-04 -8.77791e-01
2.49000e-04 -8.74185e-01
2.50000e-04 -8.70601e-01
2.51000e-04 -8.67040e-01
2.52000e-04 -8.63500e-01
2.53000e-04 -8.59982e-01
2.54000e-04 -8.56486e-01
2.55000e-04 -8.53011e-01
2.56000e-04 -8.49557e-01
2.57000e-04 -8.46124e-01
2.58000e-04 -8.42712e-01
2.59000e-04 -8.39321e-01
2.60000e-04 -8.35950e-01
2.61000e-04 -8.32600e-01
2.62000e-04 -8.29270e-01
2.63000e-04 -8.25959e-01
2.64000e-04 -8.22669e-01
2.65000e-04 -8.19398e-01
2.66000e-04 -8.16147e-01
2.67000e-04 -8.12915e-01
2.68000e-04 -8.09702e-01
2.69000e-04 -8.06508e-01
2.70000e-04 -8.03334e-01
2.71000e-04 -8.00177e-01
2.72000e-04 -7.97040e-01
2.73000e-04 -7.93921e-01
2.74000e-04 -7.90820e-01
2.75000e-04 -7.87738e-01
2.76000e-04 -7.84674e-01
2.77000e-04 -7.81627e-01
2.78000e-04 -7.78598e-01
2.79000e-04 -7.75587e-01
2.80000e-04 -7.72593e-01
2.81000e-04 -7.69617e-01
2.82000e-04 -7.66658e-01
2.83000e-04 -7.63715e-01
2.84000e-04 -7.60790e-01
2.85000e-04 -7.57882e-01
2.86000e-04 -7.54990e-01
2.87000e-04 -7.52115e-01
2.88000e-04 -7.49256e-01
2.89000e-04 -7.46414e-01
2.90000e-04 -7.43588e-01
2.91000e-04 -7.40778e-01
2.92000e-04 -7.37984e-01
2.93000e-04 -7.35205e-01
2.94000e-04 -7.32443e-01
2.95000e-04 -7.29696e-01
2.96000e-04 -7.26964e-01
2.97000e-04 -7.24248e-01
2.98000e-04 -7.21547e-01
2.99000e-04 -7.18861e-01
3.00000e-04 -7.16190e-01
3.01000e-04 -7.13535e-01
3.02000e-04 -7.10894e-01
3.03000e-04 -7.08267e-01
3.04000e-04 -7.05656e-01
3.05000e-04 -7.03058e-01
3.06000e-04 -7.00475e-01
3.07000e-04 -6.97907e-01
3.08000e-04 -6.95353e-01
3.09000e-04 -6.92812e-01
3.10000e-04 -6.90286e-01
3.11000e-04 -6.87774e-01
3.12000e-04 -6.85275e-01
3.13000e-04 -6.82790e-01
3.14000e-04 -6.80319e-01
3.15000e-04 -6.77861e-01
3.16000e-04 -6.75416e-01
3.17000e-04 -6.72985e-01
3.18000e-04 -6.70567e-01
3.19000e-04 -6.68163e-01
3.20000e-04 -6.65771e-01
3.21000e-04 -6.63392e-01
3.22000e-04 -6.61026e-01
3.23000e-04 -6.58673e-01
3.24000e-04 -6.56332e-01
3.25000e-04 -6.54004e-01
3.26000e-04 -6.51689e-01
3.27000e-04 -6.49386e-01
3.28000e-04 -6.47095e-01
3.29000e-04 -6.44817e-01
3.30000e-04 -6.42550e-01
3.31000e-04 -6.40296e-01
3.32000e-04 -6.38054e-01
3.33000e-04 -6.35824e-01
3.34000e-04 -6.33605e-01
3.35000e-04 -6.31399e-01
3.36000e-04 -6.29204e-01
3.37000e-04 -6.27020e-01
3.38000e-04 -6.24848e-01
3.39000e-04 -6.22688e-01
3.40000e-04 -6.20539e-01
3.41000e-04 -6.18401e-01
3.42000e-04 -6.16274e-01
3.43000e-04 -6.14159e-01
3.44000e-04 -6.12055e-01
3.45000e-04 -6.09961e-01
3.46000e-04 -6.07879e-01
3.47000e-04 -6.05808e-01
3.48000e-04 -6.03747e-01
3.49000e-04 -6.01697e-01
3.50000e-04 -5.99657e-01
3.51000e-04 -5.97629e-01
3.52000e-04 -5.95610e-01
3.53000e-04 -5.93602e-01
3.54000e-04 -5.91605e-01
3.55000e-04 -5.89618e-01
3.56000e-04 -5.87641e-01
3.57000e-04 -5.85674e-01
3.58000e-04 -5.83718e-01
3.59000e-04 -5.81771e-01
3.60000e-04 -5.79834e-01
3.61000e-04 -5.77908e-01
3.62000e-04 -5.75991e-01
3.63000e-04 -5.74084e-01
3.64000e-04 -5.72187e-01
3.65000e-04 -5.70299e-01
3.66000e-04 -5.68421e-01
3.67000e-04 -5.66553e-01
3.68000e-04 -5.64694e-01
3.69000e-04 -5.62844e-01
3.70000e-04 -5.61004e-01
3.71000e-04 -5.59173e-01
3.72000e-04 -5.57351e-01
3.73000e-04 -5.55539e-01
3.74000e-04 -5.53736e-01
3.75000e-04 -5.51942e-01
3.76000e-04 -5.50156e-01
3.77000e-04 -5.48380e-01
3.78000e-04 -5.46613e-01
3.79000e-04 -5.44855e-01
3.80000e-04 -5.43105e-01
3.81000e-04 -5.41364e-01
3.82000e-04 -5.39632e-01
3.83000e-04 -5.37909e-01
3.84000e-04 -5.36194e-01
3.85000e-04 -5.34487e-01
3.86000e-04 -5.32790e-01
3.87000e-04 -5.31100e-01
3.88000e-04 -5.29419e-01
3.89000e-04 -5.27747e-01
3.90000e-04 -5.26082e-01
3.91000e-04 -5.24426e-01
3.92000e-04 -5.22778e-01
3.93000e-04 -5.21138e-01
3.94000e-04 -5.19507e-01
3.95000e-04 -5.17883e-01
3.96000e-04 -5.16267e-01
3.97000e-04 -5.14659e-01
3.98000e-04 -5.13060e-01
3.99000e-04 -5.11468e-01
4.00000e-04 -5.09883e-01
4.01000e-04 -5.08307e-01
4.02000e-04 -5.06738e-01
4.03000e-04 -5.05177e-01
4.04000e-04 -5.03624e-01
4.05000e-04 -5.02078e-01
4.06000e-04 -5.00540e-01
4.07000e-04 -1.00000e+00
4.08000e-04 -1.00000e+00
4.09000e-04 -1.00000e+00
4.10000e-04 -1.00000e+00
4.11000e-04 -1.00000e+00
4.12000e-04 -1.00000e+00
4.13000e-04 -1.00000e+00
4.14000e-04 -1.00000e+00
4.15000e-04 -1.00000e+00
4.16000e-04 -1.00000e+00
4.17000e-04 -1.00000e+00
4.18000e-04 -1.00000e+00
4.19000e-04 -1.00000e+00
4.20000e-04 -1.00000e+00
4.21000e-04 -1.00000e+00
4.22000e-04 -1.00000e+00
4.23000e-04 -1.00000e+00
4.24000e-04 -1.00000e+00
4.25000e-04 -1.00000e+00
4.26000e-04 -1.00000e+00
4.27000e-04 -1.00000e+00
4.28000e-04 -1.00000e+00
4.29000e-04 -1.00000e+00
4.30000e-04 -1.00000e+00
4.31000e-04 -1.00000e+00
4.32000e-04 -1.00000e+00
4.33000e-04 -1.00000e+00
4.34000e-04 -1.00000e+00
4.35000e-04 -1.00000e+00
4.36000e-04 -1.00000e+00
4.37000e-04 -1.00000e+00
4.38000e-04 -1.00000e+00
4.39000e-04 -1.00000e+00
4.40000e-04 -1.00000e+00
4.41000e-04 -1.00000e+00
4.42000e-04 -1.00000e+00
4.43000e-04 -1.00000e+00
4.44000e-04 -1.00000e+00
4.45000e-04 -1.00000e+00
4.46000e-04 -1.00000e+00
4.47000e-04 -1.00000e+00
4.48000e-04 -1.00000e+00
4.49000e-04 -1.00000e+00
4.50000e-04 -1.00000e+00
4.51000e-04 -1.00000e+00
4.52000e-04 -1.00000e+00
4.53000e-04 -1.00000e+00
4.54000e-04 -1.00000e+00
4.55000e-04 -1.00000e+00
4.56000e-04 -1.00000e+00
4.57000e-04 -1.00000e+00
4.58000e-04 -1.00000e+00
4.59000e-04 -1.00000e+00
4.60000e-04 -1.00000e+00
4.61000e-04 -1.00000e+00
4.62000e-04 -1.00000e+00
4.63000e-04 -1.00000e+00
4.64000e-04 -1.00000e+00
4.65000e-04 -1.00000e+00
4.66000e-04 -1.00000e+00
4.67000e-04 -1.00000e+00
4.68000e-04 -1.00000e+00
4.69000e-04 -1.00000e+00
4.70000e-04 -1.00000e+00
4.71000e-04 -1.00000e+00
4.72000e-04 -1.00000e+00
4.73000e-04 -1.00000e+00
4.74000e-04 -1.00000e+00
4.75000e-04 -1.00000e+00
4.76000e-04 -1.00000e+00
4.77000e-04 -1.00000e+00
4.78000e-04 -1.00000e+00
4.79000e-04 -1.00000e+00
4.80000e-04 -1.00000e+00
4.81000e-04 -1.00000e+00
4.82000e-04 -1.00000e+00
4.83000e-04 -1.00000e+00
4.84000e-04 -1.00000e+00
4.85000e-04 -1.00000e+00
4.86000e-04 -1.00000e+00
4.87000e-04 -1.00000e+00
4.88000e-04 -1.00000e+00
4.89000e-04 -1.00000e+00
4.90000e-04 -1.00000e+00
4.91000e-04 -1.00000e+00
4.92000e-04 -1.00000e+00
4.93000e-04 -1.00000e+00
4.94000e-04 -1.00000e+00
4.95000e-04 -1.00000e+00
4.96000e-04 -1.00000e+00
4.97000e-04 -1.00000e+00
4.98000e-04 -1.00000e+00
4.99000e-04 -1.00000e+00
5.00000e-04 -1.00000e+00
5.01000e-04 -1.00000e+00
5.02000e-04 -1.00000e+00
5.03000e-04 -1.00000e+00
5.04000e-04 -1.00000e+00
5.05000e-04 -1.00000e+00
5.06000e-04 5.00000e-02
