0.00000e+00 -5.00000e-02
1.00000e-06 -4.86230e+00
2.00000e-06 -4.86365e+00
3.00000e-06 -4.84037e+00
4.00000e-06 -4.81548e+00
5.00000e-06 -4.78943e+00
6.00000e-06 -4.76215e+00
7.00000e-06 -4.73356e+00
8.00000e-06 -4.70366e+00
9.00000e-06 -4.67244e+00
1.00000e-05 -4.63994e+00
1.10000e-05 -4.60619e+00
1.20000e-05 -4.57127e+00
1.30000e-05 -4.53524e+00
1.40000e-05 -4.49818e+00
1.50000e-05 -4.46020e+00
1.60000e-05 -4.42140e+00
1.70000e-05 -4.38187e+00
1.80000e-05 -4.34173e+00
1.90000e-05 -4.30108e+00
2.00000e-05 -4.26003e+00
2.10000e-05 -4.21868e+00
2.20000e-05 -4.17713e+00
2.30000e-05 -4.13547e+00
2.40000e-05 -4.09379e+00
2.50000e-05 -4.05217e+00
2.60000e-05 -4.01068e+00
2.70000e-05 -3.96938e+00
2.80000e-05 -3.92835e+00
2.90000e-05 -3.88762e+00
3.00000e-05 -3.84725e+00
3.10000e-05 -3.80727e+00
3.20000e-05 -3.76773e+00
3.30000e-05 -3.72865e+00
3.40000e-05 -3.69005e+00
3.50000e-05 -3.65196e+00
3.60000e-05 -3.61439e+00
3.70000e-05 -3.57735e+00
3.80000e-05 -3.54085e+00
3.90000e-05 -3.50491e+00
4.00000e-05 -3.46952e+00
4.10000e-05 -3.43468e+00
4.20000e-05 -3.40040e+00
4.30000e-05 -3.36667e+00
4.40000e-05 -3.33350e+00
4.50000e-05 -3.30086e+00
4.60000e-05 -3.26877e+00
4.70000e-05 -3.23722e+00
4.80000e-05 -3.20618e+00
4.90000e-05 -3.17567e+00
5.00000e-05 -3.14567e+00
5.10000e-05 -3.11618e+00
5.20000e-05 -3.08717e+00
5.30000e-05 -3.05865e+00
5.40000e-05 -3.03061e+00
5.50000e-05 -3.00303e+00
5.60000e-05 -2.97591e+00
5.70000e-05 -2.94923e+00
5.80000e-05 -2.92300e+00
5.90000e-05 -2.89719e+00
6.00000e-05 -2.87180e+00
6.10000e-05 -2.84682e+00
6.20000e-05 -2.82225e+00
6.30000e-05 -2.79806e+00
6.40000e-05 -2.77426e+00
6.50000e-05 -2.75084e+00
6.60000e-05 -2.72778e+00
6.70000e-05 -2.70508e+00
6.80000e-05 -2.68273e+00
6.90000e-05 -2.66072e+00
7.00000e-05 -2.63905e+00
7.10000e-05 -2.61770e+00
7.20000e-05 -2.59668e+00
7.30000e-05 -2.57597e+00
7.40000e-05 -2.55556e+00
7.50000e-05 -2.53545e+00
7.60000e-05 -2.51564e+00
7.70000e-05 -2.49611e+00
7.80000e-05 -2.47686e+00
7.90000e-05 -2.45789e+00
8.00000e-05 -2.43918e+00
8.10000e-05 -2.42073e+00
8.20000e-05 -2.40254e+00
8.30000e-05 -2.38460e+00
8.40000e-05 -2.36691e+00
8.50000e-05 -2.34945e+00
8.60000e-05 -2.33223e+00
8.70000e-05 -2.31524e+00
8.80000e-05 -2.29848e+00
8.90000e-05 -2.28194e+00
9.00000e-05 -2.26561e+00
9.10000e-05 -2.24949e+00
9.20000e-05 -2.23358e+00
9.30000e-05 -2.21788e+00
9.40000e-05 -2.20237e+00
9.50000e-05 -2.18706e+00
9.60000e-05 -2.17194e+00
9.70000e-05 -2.15701e+00
9.80000e-05 -2.14226e+00
9.90000e-05 -2.12769e+00
1.00000e-04 -2.11330e+00
1.01000e-04 -2.09908e+00
1.02000e-04 -2.08503e+00
1.03000e-04 -2.07115e+00
1.04000e-04 -2.05743e+00
1.05000e-04 -2.04387e+00
1.06000e-04 -2.03047e+00
1.07000e-04 -2.01723e+00
1.08000e-04 -2.00413e+00
1.09000e-04 -1.99119e+00
1.10000e-04 -1.97839e+00
1.11000e-04 -1.96574e+00
1.12000e-04 -1.95322e+00
1.13000e-04 -1.94085e+00
1.14000e-04 -1.92861e+00
1.15000e-04 -1.91651e+00
1.16000e-04 -1.90454e+00
1.17000e-04 -1.89270e+00
1.18000e-04 -1.88098e+00
1.19000e-04 -1.86939e+00
1.20000e-04 -1.85792e+00
1.21000e-04 -1.84658e+00
1.22000e-04 -1.83535e+00
1.23000e-04 -1.82424e+00
1.24000e-04 -1.81324e+00
1.25000e-04 -1.80236e+00
1.26000e-04 -1.79159e+00
1.27000e-04 -1.78093e+00
1.28000e-04 -1.77038e+00
1.29000e-04 -1.75993e+00
1.30000e-04 -1.74959e+00
1.31000e-04 -1.73934e+00
1.32000e-04 -1.72921e+00
1.33000e-04 -1.71917e+00
1.34000e-04 -1.70922e+00
1.35000e-04 -1.69938e+00
1.36000e-04 -1.68963e+00
1.37000e-04 -1.67997e+00
1.38000e-04 -1.67041e+00
1.39000e-04 -1.66093e+00
1.40000e-04 -1.65155e+00
1.41000e-04 -1.64225e+00
1.42000e-04 -1.63305e+00
1.43000e-04 -1.62392e+00
1.44000e-04 -1.61488e+00
1.45000e-04 -1.60593e+00
1.46000e-04 -1.59706e+00
1.47000e-04 -1.58826e+00
1.48000e-04 -1.57955e+00
1.49000e-04 -1.57092e+00
1.50000e-04 -1.56236e+00
1.51000e-04 -1.55388e+00
1.52000e-04 -1.54547e+00
1.53000e-04 -1.53714e+00
1.54000e-04 -1.52889e+00
1.55000e-04 -1.52070e+00
1.56000e-04 -1.51259e+00
1.57000e-04 -1.50454e+00
1.58000e-04 -1.49657e+00
1.59000e-04 -1.48867e+00
1.60000e-04 -1.48083e+00
1.61000e-04 -1.47306e+00
1.62000e-04 -1.46535e+00
1.63000e-04 -1.45771e+00
1.64000e-04 -1.45014e+00
1.65000e-04 -1.44262e+00
1.66000e-04 -1.43518e+00
1.67000e-04 -1.42779e+00
1.68000e-04 -1.42046e+00
1.69000e-04 -1.41319e+00
1.70000e-04 -1.40599e+00
1.71000e-04 -1.39884e+00
1.72000e-04 -1.39175e+00
1.73000e-04 -1.38472e+00
1.74000e-04 -1.37774e+00
1.75000e-04 -1.37082e+00
1.76000e-04 -1.36395e+00
1.77000e-04 -1.35714e+00
1.78000e-04 -1.35039e+00
1.79000e-04 -1.34368e+00
1.80000e-04 -1.33703e+00
1.81000e-04 -1.33043e+00
1.82000e-04 -1.32389e+00
1.83000e-04 -1.31739e+00
1.84000e-04 -1.31094e+00
1.85000e-04 -1.30455e+00
1.86000e-04 -1.29820e+00
1.87000e-04 -1.29190e+00
1.88000e-04 -1.28565e+00
1.89000e-04 -1.27945e+00
1.90000e-04 -1.27329e+00
1.91000e-04 -1.26718e+00
1.92000e-04 -1.26111e+00
1.93000e-04 -1.25510e+00
1.94000e-04 -1.24912e+00
1.95000e-04 -1.24319e+00
1.96000e-04 -1.23731e+00
1.97000e-04 -1.23146e+00
1.98000e-04 -1.22566e+00
1.99000e-04 -1.21991e+00
2.00000e-04 -1.21419e+00
2.01000e-04 -1.20852e+00
2.02000e-04 -1.20288e+00
2.03000e-04 -1.19729e+00
2.04000e-04 -1.19174e+00
2.05000e-04 -1.18623e+00
2.06000e-04 -1.18076e+00
2.07000e-04 -1.17532e+00
2.08000e-04 -1.16993e+00
2.09000e-04 -1.16457e+00
2.10000e-04 -1.15925e+00
2.11000e-04 -1.15397e+00
2.12000e-04 -1.14873e+00
2.13000e-04 -1.14352e+00
2.14000e-04 -1.13835e+00
2.15000e-04 -1.13321e+00
2.16000e-04 -1.12811e+00
2.17000e-04 -1.12305e+00
2.18000e-04 -1.11802e+00
2.19000e-04 -1.11302e+00
2.20000e-04 -1.10806e+00
2.21000e-04 -1.10313e+00
2.22000e-04 -1.09824e+00
2.23000e-04 -1.09338e+00
2.24000e-04 -1.08855e+00
2.25000e-04 -1.08375e+00
2.26000e-04 -1.07899e+00
2.27000e-04 -1.07426e+00
2.28000e-04 -1.06956e+00
2.29000e-04 -1.06489e+00
2.30000e-04 -1.06025e+00
2.31000e-04 -1.05564e+00
2.32000e-04 -1.05107e+00
2.33000e-04 -1.04652e+00
2.34000e-04 -1.04200e+00
2.35000e-04 -1.03752e+00
2.36000e-04 -1.03306e+00
2.37000e-04 -1.02863e+00
2.38000e-04 -1.02423e+00
2.39000e-04 -1.01986e+00
2.40000e-04 -1.01551e+00
2.41000e-04 -1.01120e+00
2.42000e-04 -1.00691e+00
2.43000e-04 -1.00265e+00
2.44000e-04 -9.98419e-01
2.45000e-04 -9.94213e-01
2.46000e-04 -9.90034e-01
2.47000e-04 -9.85881e-01
2.48000e-04 -9.81755e-01
2.49000e-04 -9.77654e-01
2.50000e-04 -9.73580e-01
2.51000e-04 -9.69531e-01
2.52000e-04 -9.65507e-01
2.53000e-04 -9.61509e-01
2.54000e-04 -9.57535e-01
2.55000e-04 -9.53586e-01
2.56000e-04 -9.49662e-01
2.57000e-04 -9.45761e-01
2.58000e-04 -9.41885e-01
2.59000e-04 -9.38033e-01
2.60000e-04 -9.34205e-01
2.61000e-04 -9.30399e-01
2.62000e-04 -9.26618e-01
2.63000e-04 -9.22859e-01
2.64000e-04 -9.19123e-01
2.65000e-04 -9.15410e-01
2.66000e-04 -9.11719e-01
2.67000e-04 -9.08050e-01
2.68000e-04 -9.04404e-01
2.69000e-04 -9.00780e-01
2.70000e-04 -8.97177e-01
2.71000e-04 -8.93596e-01
2.72000e-04 -8.90036e-01
2.73000e-04 -8.86498e-01
2.74000e-04 -8.82980e-01
2.75000e-04 -8.79484e-01
2.76000e-04 -8.76008e-01
2.77000e-04 -8.72553e-01
2.78000e-04 -8.69118e-01
2.79000e-04 -8.65703e-01
2.80000e-04 -8.62309e-01
2.81000e-04 -8.58934e-01
2.82000e-04 -8.55579e-01
2.83000e-04 -8.52244e-01
2.84000e-04 -8.48928e-01
2.85000e-04 -8.45631e-01
2.86000e-04 -8.42353e-01
2.87000e-04 -8.39095e-01
2.88000e-04 -8.35855e-01
2.89000e-04 -8.32634e-01
2.90000e-04 -8.29432e-01
2.91000e-04 -8.26247e-01
2.92000e-04 -8.23082e-01
2.93000e-04 -8.19934e-01
2.94000e-04 -8.16804e-01
2.95000e-04 -8.13692e-01
2.96000e-04 -8.10598e-01
2.97000e-04 -8.07521e-01
2.98000e-04 -8.04462e-01
2.99000e-04 -8.01420e-01
3.00000e-04 -7.98395e-01
3.01000e-04 -7.95387e-01
3.02000e-04 -7.92396e-01
3.03000e-04 -7.89422e-01
3.04000e-04 -7.86465e-01
3.05000e-04 -7.83524e-01
3.06000e-04 -7.80600e-01
3.07000e-04 -7.77692e-01
3.08000e-04 -7.74800e-01
3.09000e-04 -7.71924e-01
3.10000e-04 -7.69064e-01
3.11000e-04 -7.66220e-01
3.12000e-04 -7.63391e-01
3.13000e-04 -7.60578e-01
3.14000e-04 -7.57781e-01
3.15000e-04 -7.54999e-01
3.16000e-04 -7.52232e-01
3.17000e-04 -7.49481e-01
3.18000e-04 -7.46744e-01
3.19000e-04 -7.44023e-01
3.20000e-04 -7.41316e-01
3.21000e-04 -7.38624e-01
3.22000e-04 -7.35947e-01
3.23000e-04 -7.33284e-01
3.24000e-04 -7.30635e-01
3.25000e-04 -7.28001e-01
3.26000e-04 -7.25381e-01
3.27000e-04 -7.22775e-01
3.28000e-04 -7.20183e-01
3.29000e-04 -7.17605e-01
3.30000e-04 -7.15041e-01
3.31000e-04 -7.12491e-01
3.32000e-04 -7.09954e-01
3.33000e-04 -7.07431e-01
3.34000e-04 -7.04921e-01
3.35000e-04 -7.02424e-01
3.36000e-04 -6.99941e-01
3.37000e-04 -6.97471e-01
3.38000e-04 -6.95014e-01
3.39000e-04 -6.92570e-01
3.40000e-04 -6.90139e-01
3.41000e-04 -6.87721e-01
3.42000e-04 -6.85315e-01
3.43000e-04 -6.82922e-01
3.44000e-04 -6.80542e-01
3.45000e-04 -6.78174e-01
3.46000e-04 -6.75818e-01
3.47000e-04 -6.73475e-01
3.48000e-04 -6.71144e-01
3.49000e-04 -6.68825e-01
3.50000e-04 -6.66519e-01
3.51000e-04 -6.64224e-01
3.52000e-04 -6.61941e-01
3.53000e-04 -6.59670e-01
3.54000e-04 -6.57410e-01
3.55000e-04 -6.55163e-01
3.56000e-04 -6.52927e-01
3.57000e-04 -6.50702e-01
3.58000e-04 -6.48489e-01
3.59000e-04 -6.46287e-01
3.60000e-04 -6.44097e-01
3.61000e-04 -6.41917e-01
3.62000e-04 -6.39749e-01
3.63000e-04 -6.37592e-01
3.64000e-04 -6.35446e-01
3.65000e-04 -6.33311e-01
3.66000e-04 -6.31187e-01
3.67000e-04 -6.29073e-01
3.68000e-04 -6.26970e-01
3.69000e-04 -6.24878e-01
3.70000e-04 -6.22797e-01
3.71000e-04 -6.20726e-01
3.72000e-04 -6.18665e-01
3.73000e-04 -6.16615e-01
3.74000e-04 -6.14575e-01
3.75000e-04 -6.12545e-01
3.76000e-04 -6.10526e-01
3.77000e-04 -6.08517e-01
3.78000e-04 -6.06518e-01
3.79000e-04 -6.04528e-01
3.80000e-04 -6.02549e-01
3.81000e-04 -6.00580e-01
3.82000e-04 -5.98620e-01
3.83000e-04 -5.96670e-01
3.84000e-04 -5.94730e-01
3.85000e-04 -5.92800e-01
3.86000e-04 -5.90879e-01
3.87000e-04 -5.88967e-01
3.88000e-04 -5.87066e-01
3.89000e-04 -5.85173e-01
3.90000e-04 -5.83290e-01
3.91000e-04 -5.81416e-01
3.92000e-04 -5.79551e-01
3.93000e-04 -5.77696e-01
3.94000e-04 -5.75849e-01
3.95000e-04 -5.74012e-01
3.96000e-04 -5.72184e-01
3.97000e-04 -5.70364e-01
3.98000e-04 -5.68554e-01
3.99000e-04 -5.66752e-01
4.00000e-04 -5.64960e-01
4.01000e-04 -5.63175e-01
4.02000e-04 -5.61400e-01
4.03000e-04 -5.59633e-01
4.04000e-04 -5.57875e-01
4.05000e-04 -5.56126e-01
4.06000e-04 -5.54384e-01
4.07000e-04 -5.52652e-01
4.08000e-04 -5.50927e-01
4.09000e-04 -5.49211e-01
4.10000e-04 -5.47504e-01
4.11000e-04 -5.45804e-01
4.12000e-04 -5.44113e-01
4.13000e-04 -5.42430e-01
4.14000e-04 -5.40755e-01
4.15000e-04 -5.39088e-01
4.16000e-04 -5.37429e-01
4.17000e-04 -5.35778e-01
4.18000e-04 -5.34135e-01
4.19000e-04 -5.32499e-01
4.20000e-04 -5.30872e-01
4.21000e-04 -5.29252e-01
4.22000e-04 -5.27640e-01
4.23000e-04 -5.26036e-01
4.24000e-04 -5.24439e-01
4.25000e-04 -5.22850e-01
4.26000e-04 -5.21269e-01
4.27000e-04 -5.19695e-01
4.28000e-04 -5.18128e-01
4.29000e-04 -5.16569e-01
4.30000e-04 -5.15017e-01
4.31000e-04 -5.13473e-01
4.32000e-04 -5.11936e-01
4.33000e-04 -5.10406e-01
4.34000e-04 -5.08883e-01
4.35000e-04 -5.07368e-01
4.36000e-04 -5.05859e-01
4.37000e-04 -5.04358e-01
4.38000e-04 -5.02864e-01
4.39000e-04 -5.01376e-01
4.40000e-04 -1.00000e+00
4.41000e-04 -1.00000e+00
4.42000e-04 -1.00000e+00
4.43000e-04 -1.00000e+00
4.44000e-04 -1.00000e+00
4.45000e-04 -1.00000e+00
4.46000e-04 -1.00000e+00
4.47000e-04 -1.00000e+00
4.48000e-04 -1.00000e+00
4.49000e-04 -1.00000e+00
4.50000e-04 -1.00000e+00
4.51000e-04 -1.00000e+00
4.52000e-04 -1.00000e+00
4.53000e-04 -1.00000e+00
4.54000e-04 -1.00000e+00
4.55000e-04 -1.00000e+00
4.56000e-04 -1.00000e+00
4.57000e-04 -1.00000e+00
4.58000e-04 -1.00000e+00
4.59000e-04 -1.00000e+00
4.60000e-04 -1.00000e+00
4.61000e-04 -1.00000e+00
4.62000e-04 -1.00000e+00
4.63000e-04 -1.00000e+00
4.64000e-04 -1.00000e+00
4.65000e-04 -1.00000e+00
4.66000e-04 -1.00000e+00
4.67000e-04 -1.00000e+00
4.68000e-04 -1.00000e+00
4.69000e-04 -1.00000e+00
4.70000e-04 -1.00000e+00
4.71000e-04 -1.00000e+00
4.72000e-04 -1.00000e+00
4.73000e-04 -1.00000e+00
4.74000e-04 -1.00000e+00
4.75000e-04 -1.00000e+00
4.76000e-04 -1.00000e+00
4.77000e-04 -1.00000e+00
4.78000e-04 -1.00000e+00
4.79000e-04 -1.00000e+00
4.80000e-04 -1.00000e+00
4.81000e-04 -1.00000e+00
4.82000e-04 -1.00000e+00
4.83000e-04 -1.00000e+00
4.84000e-04 -1.00000e+00
4.85000e-04 -1.00000e+00
4.86000e-04 -1.00000e+00
4.87000e-04 -1.00000e+00
4.88000e-04 -1.00000e+00
4.89000e-04 -1.00000e+00
4.90000e-04 -1.00000e+00
4.91000e-04 -1.00000e+00
4.92000e-04 -1.00000e+00
4.93000e-04 -1.00000e+00
4.94000e-04 -1.00000e+00
4.95000e-04 -1.00000e+00
4.96000e-04 -1.00000e+00
4.97000e-04 -1.00000e+00
4.98000e-04 -1.00000e+00
4.99000e-04 -1.00000e+00
5.00000e-04 -1.00000e+00
5.01000e-04 -1.00000e+00
5.02000e-04 -1.00000e+00
5.03000e-04 -1.00000e+00
5.04000e-04 -1.00000e+00
5.05000e-04 -1.00000e+00
5.06000e-04 -1.00000e+00
5.07000e-04 -1.00000e+00
5.08000e-04 -1.00000e+00
5.09000e-04 -1.00000e+00
5.10000e-04 -1.00000e+00
5.11000e-04 -1.00000e+00
5.12000e-04 -1.00000e+00
5.13000e-04 -1.00000e+00
5.14000e-04 -1.00000e+00
5.15000e-04 -1.00000e+00
5.16000e-04 -1.00000e+00
5.17000e-04 -1.00000e+00
5.18000e-04 -1.00000e+00
5.19000e-04 -1.00000e+00
5.20000e-04 -1.00000e+00
5.21000e-04 -1.00000e+00
5.22000e-04 -1.00000e+00
5.23000e-04 -1.00000e+00
5.24000e-04 -1.00000e+00
5.25000e-04 -1.00000e+00
5.26000e-04 -1.00000e+00
5.27000e-04 -1.00000e+00
5.28000e-04 -1.00000e+00
5.29000e-04 -1.00000e+00
5.30000e-04 -1.00000e+00
5.31000e-04 -1.00000e+00
5.32000e-04 -1.00000e+00
5.33000e-04 -1.00000e+00
5.34000e-04 -1.00000e+00
5.35000e-04 -1.00000e+00
5.36000e-04 -1.00000e+00
5.37000e-04 -1.00000e+00
5.38000e-04 -1.00000e+00
5.39000e-04 -1.00000e+00
5.40000e-04 -1.00000e+00
5.41000e-04 -1.00000e+00
5.42000e-04 -1.00000e+00
5.43000e-04 -1.00000e+00
5.44000e-04 -1.00000e+00
5.45000e-04 -1.00000e+00
5.46000e-04 -1.00000e+00
5.47000e-04 -1.00000e+00
5.48000e-04 -1.00000e+00
5.49000e-04 -1.00000e+00
5.50000e-04 -1.00000e+00
5.51000e-04 -1.00000e+00
5.52000e-04 -1.00000e+00
5.53000e-04 -1.00000e+00
5.54000e-04 -1.00000e+00
5.55000e-04 -1.00000e+00
5.56000e-04 -1.00000e+00
5.57000e-04 -1.00000e+00
5.58000e-04 -1.00000e+00
5.59000e-04 -1.00000e+00
5.60000e-04 -1.00000e+00
5.61000e-04 -1.00000e+00
5.62000e-04 -1.00000e+00
5.63000e-04 -1.00000e+00
5.64000e-04 -1.00000e+00
5.65000e-04 -1.00000e+00
5.66000e-04 -1.00000e+00
5.67000e-04 -1.00000e+00
5.68000e-04 -1.00000e+00
5.69000e-04 -1.00000e+00
5.70000e-04 -1.00000e+00
5.71000e-04 -1.00000e+00
5.72000e-04 -1.00000e+00
5.73000e-04 -1.00000e+00
5.74000e-04 -1.00000e+00
5.75000e-04 -1.00000e+00
5.76000e-04 -1.00000e+00
5.77000e-04 -1.00000e+00
5.78000e-04 -1.00000e+00
5.79000e-04 -1.00000e+00
5.80000e-04 -1.00000e+00
5.81000e-04 -1.00000e+00
5.82000e-04 -1.00000e+00
5.83000e-04 -1.00000e+00
5.84000e-04 -1.00000e+00
5.85000e-04 -1.00000e+00
5.86000e-04 -1.00000e+00
5.87000e-04 -1.00000e+00
5.88000e-04 -1.00000e+00
5.89000e-04 -1.00000e+00
5.90000e-04 -1.00000e+00
5.91000e-04 -1.00000e+00
5.92000e-04 -1.00000e+00
5.93000e-04 -1.00000e+00
5.94000e-04 -1.00000e+00
5.95000e-04 -1.00000e+00
5.96000e-04 -1.00000e+00
5.97000e-04 -1.00000e+00
5.98000e-04 -1.00000e+00
5.99000e-04 -1.00000e+00
6.00000e-04 -1.00000e+00
6.01000e-04 -1.00000e+00
6.02000e-04 -1.00000e+00
6.03000e-04 -1.00000e+00
6.04000e-04 -1.00000e+00
6.05000e-04 -1.00000e+00
6.06000e-04 -1.00000e+00
6.07000e-04 -1.00000e+00
6.08000e-04 -1.00000e+00
6.09000e-04 -1.00000e+00
6.10000e-04 -1.00000e+00
6.11000e-04 -1.00000e+00
6.12000e-04 -1.00000e+00
6.13000e-04 -1.00000e+00
6.14000e-04 -1.00000e+00
6.15000e-04 -1.00000e+00
6.16000e-04 -1.00000e+00
6.17000e-04 -1.00000e+00
6.18000e-04 -1.00000e+00
6.19000e-04 -1.00000e+00
6.20000e-04 -1.00000e+00
6.21000e-04 -1.00000e+00
6.22000e-04 -1.00000e+00
6.23000e-04 -1.00000e+00
6.24000e-04 -1.00000e+00
6.25000e-04 -1.00000e+00
6.26000e-04 -1.00000e+00
6.27000e-04 -1.00000e+00
6.28000e-04 -1.00000e+00
6.29000e-04 -1.00000e+00
6.30000e-04 -1.00000e+00
6.31000e-04 -1.00000e+00
6.32000e-04 -1.00000e+00
6.33000e-04 -1.00000e+00
6.34000e-04 -1.00000e+00
6.35000e-04 -1.00000e+00
6.36000e-04 -1.00000e+00
6.37000e-04 -1.00000e+00
6.38000e-04 -1.00000e+00
6.39000e-04 -1.00000e+00
6.40000e-04 -1.00000e+00
6.41000e-04 -1.00000e+00
6.42000e-04 -1.00000e+00
6.43000e-04 -1.00000e+00
6.44000e-04 -1.00000e+00
6.45000e-04 -1.00000e+00
6.46000e-04 -1.00000e+00
6.47000e-04 -1.00000e+00
6.48000e-04 -1.00000e+00
6.49000e-04 -1.00000e+00
6.50000e-04 -1.00000e+00
6.51000e-04 -1.00000e+00
6.52000e-04 6.02281e-01
6.53000e-04 6.09580e-01
6.54000e-04 -2.14841e+00
6.55000e-04 -3.10448e+00
6.56000e-04 -3.09881e+00
6.57000e-04 -3.07093e+00
6.58000e-04 -3.04271e+00
6.59000e-04 -3.01493e+00
6.60000e-04 -2.98761e+00
6.61000e-04 -2.96075e+00
6.62000e-04 -2.93432e+00
6.63000e-04 -2.90833e+00
6.64000e-04 -2.88276e+00
6.65000e-04 -2.85761e+00
6.66000e-04 -2.83286e+00
6.67000e-04 -2.80850e+00
6.68000e-04 -2.78454e+00
6.69000e-04 -2.76095e+00
6.70000e-04 -2.73773e+00
6.71000e-04 -2.71488e+00
6.72000e-04 -2.69238e+00
6.73000e-04 -2.67022e+00
6.74000e-04 -2.64841e+00
6.75000e-04 -2.62692e+00
6.76000e-04 -2.60576e+00
6.77000e-04 -2.58491e+00
6.78000e-04 -2.56437e+00
6.79000e-04 -2.54414e+00
6.80000e-04 -2.52420e+00
6.81000e-04 -2.50454e+00
6.82000e-04 -2.48517e+00
6.83000e-04 -2.46608e+00
6.84000e-04 -2.44726e+00
6.85000e-04 -2.42870e+00
6.86000e-04 -2.41040e+00
6.87000e-04 -2.39235e+00
6.88000e-04 -2.37455e+00
6.89000e-04 -2.35699e+00
6.90000e-04 -2.33967e+00
6.91000e-04 -2.32258e+00
6.92000e-04 -2.30572e+00
6.93000e-04 -2.28908e+00
6.94000e-04 -2.27266e+00
6.95000e-04 -2.25646e+00
6.96000e-04 -2.24046e+00
6.97000e-04 -2.22466e+00
6.98000e-04 -2.20907e+00
6.99000e-04 -2.19368e+00
7.00000e-04 -2.17847e+00
7.01000e-04 -2.16346e+00
7.02000e-04 -2.14863e+00
7.03000e-04 -2.13399e+00
7.04000e-04 -2.11952e+00
7.05000e-04 -2.10522e+00
7.06000e-04 -2.09110e+00
7.07000e-04 -2.07715e+00
7.08000e-04 -2.06336e+00
7.09000e-04 -2.04973e+00
7.10000e-04 -2.03626e+00
7.11000e-04 -2.02295e+00
7.12000e-04 -2.00979e+00
7.13000e-04 -1.99678e+00
7.14000e-04 -1.98392e+00
7.15000e-04 -1.97121e+00
7.16000e-04 -1.95863e+00
7.17000e-04 -1.94620e+00
7.18000e-04 -1.93390e+00
7.19000e-04 -1.92174e+00
7.20000e-04 -1.90971e+00
7.21000e-04 -1.89782e+00
7.22000e-04 -1.88605e+00
7.23000e-04 -1.87440e+00
7.24000e-04 -1.86288e+00
7.25000e-04 -1.85148e+00
7.26000e-04 -1.84020e+00
7.27000e-04 -1.82904e+00
7.28000e-04 -1.81800e+00
7.29000e-04 -1.80707e+00
7.30000e-04 -1.79625e+00
7.31000e-04 -1.78554e+00
7.32000e-04 -1.77494e+00
7.33000e-04 -1.76445e+00
7.34000e-04 -1.75406e+00
7.35000e-04 -1.74377e+00
7.36000e-04 -1.73359e+00
7.37000e-04 -1.72351e+00
7.38000e-04 -1.71352e+00
7.39000e-04 -1.70364e+00
7.40000e-04 -1.69384e+00
7.41000e-04 -1.68415e+00
7.42000e-04 -1.67454e+00
7.43000e-04 -1.66503e+00
7.44000e-04 -1.65561e+00
7.45000e-04 -1.64627e+00
7.46000e-04 -1.63703e+00
7.47000e-04 -1.62787e+00
7.48000e-04 -1.61879e+00
7.49000e-04 -1.60980e+00
7.50000e-04 -1.60089e+00
7.51000e-04 -1.59207e+00
7.52000e-04 -1.58332e+00
7.53000e-04 -1.57465e+00
7.54000e-04 -1.56606e+00
7.55000e-04 -1.55755e+00
7.56000e-04 -1.54911e+00
7.57000e-04 -1.54075e+00
7.58000e-04 -1.53246e+00
7.59000e-04 -1.52424e+00
7.60000e-04 -1.51610e+00
7.61000e-04 -1.50802e+00
7.62000e-04 -1.50002e+00
7.63000e-04 -1.49208e+00
7.64000e-04 -1.48422e+00
7.65000e-04 -1.47642e+00
7.66000e-04 -1.46869e+00
7.67000e-04 -1.46102e+00
7.68000e-04 -1.45341e+00
7.69000e-04 -1.44587e+00
7.70000e-04 -1.43840e+00
7.71000e-04 -1.43098e+00
7.72000e-04 -1.42363e+00
7.73000e-04 -1.41634e+00
7.74000e-04 -1.40910e+00
7.75000e-04 -1.40193e+00
7.76000e-04 -1.39482e+00
7.77000e-04 -1.38776e+00
7.78000e-04 -1.38076e+00
7.79000e-04 -1.37381e+00
7.80000e-04 -1.36692e+00
7.81000e-04 -1.36009e+00
7.82000e-04 -1.35331e+00
7.83000e-04 -1.34658e+00
7.84000e-04 -1.33991e+00
7.85000e-04 -1.33329e+00
7.86000e-04 -1.32672e+00
7.87000e-04 -1.32020e+00
7.88000e-04 -1.31373e+00
7.89000e-04 -1.30731e+00
7.90000e-04 -1.30095e+00
7.91000e-04 -1.29463e+00
7.92000e-04 -1.28835e+00
7.93000e-04 -1.28213e+00
7.94000e-04 -1.27595e+00
7.95000e-04 -1.26982e+00
7.96000e-04 -1.26374e+00
7.97000e-04 -1.25770e+00
7.98000e-04 -1.25171e+00
7.99000e-04 -1.24576e+00
8.00000e-04 -1.23985e+00
8.01000e-04 -1.23399e+00
8.02000e-04 -1.22817e+00
8.03000e-04 -1.22240e+00
8.04000e-04 -1.21666e+00
8.05000e-04 -1.21097e+00
8.06000e-04 -1.20532e+00
8.07000e-04 -1.19971e+00
8.08000e-04 -1.19414e+00
8.09000e-04 -1.18861e+00
8.10000e-04 -1.18312e+00
8.11000e-04 -1.17767e+00
8.12000e-04 -1.17226e+00
8.13000e-04 -1.16689e+00
8.14000e-04 -1.16155e+00
8.15000e-04 -1.15626e+00
8.16000e-04 -1.15100e+00
8.17000e-04 -1.14577e+00
8.18000e-04 -1.14059e+00
8.19000e-04 -1.13543e+00
8.20000e-04 -1.13032e+00
8.21000e-04 -1.12524e+00
8.22000e-04 -1.12019e+00
8.23000e-04 -1.11518e+00
8.24000e-04 -1.11021e+00
8.25000e-04 -1.10526e+00
8.26000e-04 -1.10035e+00
8.27000e-04 -1.09548e+00
8.28000e-04 -1.09064e+00
8.29000e-04 -1.08583e+00
8.30000e-04 -1.08105e+00
8.31000e-04 -1.07630e+00
8.32000e-04 -1.07159e+00
8.33000e-04 -1.06691e+00
8.34000e-04 -1.06226e+00
8.35000e-04 -1.05764e+00
8.36000e-04 -1.05305e+00
8.37000e-04 -1.04849e+00
8.38000e-04 -1.04396e+00
8.39000e-04 -1.03946e+00
8.40000e-04 -1.03499e+00
8.41000e-04 -1.03055e+00
8.42000e-04 -1.02613e+00
8.43000e-04 -1.02175e+00
8.44000e-04 -1.01739e+00
8.45000e-04 -1.01307e+00
8.46000e-04 -1.00877e+00
8.47000e-04 -1.00450e+00
8.48000e-04 -1.00025e+00
8.49000e-04 -9.96034e-01
8.50000e-04 -9.91843e-01
8.51000e-04 -9.87679e-01
8.52000e-04 -9.83541e-01
8.53000e-04 -9.79429e-01
8.54000e-04 -9.75343e-01
8.55000e-04 -9.71283e-01
8.56000e-04 -9.67249e-01
8.57000e-04 -9.63239e-01
8.58000e-04 -9.59255e-01
8.59000e-04 -9.55295e-01
8.60000e-04 -9.51360e-01
8.61000e-04 -9.47450e-01
8.62000e-04 -9.43563e-01
8.63000e-04 -9.39701e-01
8.64000e-04 -9.35862e-01
8.65000e-04 -9.32047e-01
8.66000e-04 -9.28255e-01
8.67000e-04 -9.24486e-01
8.68000e-04 -9.20740e-01
8.69000e-04 -9.17017e-01
8.70000e-04 -9.13317e-01
8.71000e-04 -9.09638e-01
8.72000e-04 -9.05982e-01
8.73000e-04 -9.02349e-01
8.74000e-04 -8.98737e-01
8.75000e-04 -8.95146e-01
8.76000e-04 -8.91577e-01
8.77000e-04 -8.88030e-01
8.78000e-04 -8.84503e-01
8.79000e-04 -8.80998e-01
8.80000e-04 -8.77513e-01
8.81000e-04 -8.74049e-01
8.82000e-04 -8.70605e-01
8.83000e-04 -8.67182e-01
8.84000e-04 -8.63778e-01
8.85000e-04 -8.60395e-01
8.86000e-04 -8.57031e-01
8.87000e-04 -8.53688e-01
8.88000e-04 -8.50363e-01
8.89000e-04 -8.47058e-01
8.90000e-04 -8.43772e-01
8.91000e-04 -8.40506e-01
8.92000e-04 -8.37258e-01
8.93000e-04 -8.34029e-01
8.94000e-04 -8.30818e-01
8.95000e-04 -8.27626e-01
8.96000e-04 -8.24452e-01
8.97000e-04 -8.21296e-01
8.98000e-04 -8.18159e-01
8.99000e-04 -8.15039e-01
9.00000e-04 -8.11937e-01
9.01000e-04 -8.08853e-01
9.02000e-04 -8.05786e-01
9.03000e-04 -8.02737e-01
9.04000e-04 -7.99705e-01
9.05000e-04 -7.96689e-01
9.06000e-04 -7.93691e-01
9.07000e-04 -7.90710e-01
9.08000e-04 -7.87745e-01
9.09000e-04 -7.84797e-01
9.10000e-04 -7.81866e-01
9.11000e-04 -7.78951e-01
9.12000e-04 -7.76052e-01
9.13000e-04 -7.73169e-01
9.14000e-04 -7.70302e-01
9.15000e-04 -7.67451e-01
9.16000e-04 -7.64616e-01
9.17000e-04 -7.61796e-01
9.18000e-04 -7.58992e-01
9.19000e-04 -7.56204e-01
9.20000e-04 -7.53430e-01
9.21000e-04 -7.50672e-01
9.22000e-04 -7.47929e-01
9.23000e-04 -7.45201e-01
9.24000e-04 -7.42488e-01
9.25000e-04 -7.39789e-01
9.26000e-04 -7.37106e-01
9.27000e-04 -7.34437e-01
9.28000e-04 -7.31782e-01
9.29000e-04 -7.29141e-01
9.30000e-04 -7.26515e-01
9.31000e-04 -7.23903e-01
9.32000e-04 -7.21305e-01
9.33000e-04 -7.18721e-01
9.34000e-04 -7.16151e-01
9.35000e-04 -7.13595e-01
9.36000e-04 -7.11052e-01
9.37000e-04 -7.08523e-01
9.38000e-04 -7.06008e-01
9.39000e-04 -7.03505e-01
9.40000e-04 -7.01016e-01
9.41000e-04 -6.98541e-01
9.42000e-04 -6.96078e-01
9.43000e-04 -6.93628e-01
9.44000e-04 -6.91192e-01
9.45000e-04 -6.88768e-01
9.46000e-04 -6.86357e-01
9.47000e-04 -6.83958e-01
9.48000e-04 -6.81573e-01
9.49000e-04 -6.79199e-01
9.50000e-04 -6.76838e-01
9.51000e-04 -6.74490e-01
9.52000e-04 -6.72154e-01
9.53000e-04 -6.69829e-01
9.54000e-04 -6.67517e-01
9.55000e-04 -6.65217e-01
9.56000e-04 -6.62929e-01
9.57000e-04 -6.60653e-01
9.58000e-04 -6.58389e-01
9.59000e-04 -6.56136e-01
9.60000e-04 -6.53895e-01
9.61000e-04 -6.51665e-01
9.62000e-04 -6.49447e-01
9.63000e-04 -6.47240e-01
9.64000e-04 -6.45045e-01
9.65000e-04 -6.42861e-01
9.66000e-04 -6.40688e-01
9.67000e-04 -6.38526e-01
9.68000e-04 -6.36375e-01
9.69000e-04 -6.34235e-01
9.70000e-04 -6.32106e-01
9.71000e-04 -6.29988e-01
9.72000e-04 -6.27881e-01
9.73000e-04 -6.25784e-01
9.74000e-04 -6.23698e-01
9.75000e-04 -6.21622e-01
9.76000e-04 -6.19557e-01
9.77000e-04 -6.17503e-01
9.78000e-04 -6.15458e-01
9.79000e-04 -6.13424e-01
9.80000e-04 -6.11401e-01
9.81000e-04 -6.09387e-01
9.82000e-04 -6.07383e-01
9.83000e-04 -6.05390e-01
9.84000e-04 -6.03406e-01
9.85000e-04 -6.01433e-01
9.86000e-04 -5.99469e-01
9.87000e-04 -5.97515e-01
9.88000e-04 -5.95570e-01
9.89000e-04 -5.93636e-01
9.90000e-04 -5.91711e-01
9.91000e-04 -5.89795e-01
9.92000e-04 -5.87889e-01
9.93000e-04 -5.85993e-01
9.94000e-04 -5.84105e-01
9.95000e-04 -5.82227e-01
9.96000e-04 -5.80359e-01
9.97000e-04 -5.78499e-01
9.98000e-04 -5.76649e-01
9.99000e-04 -5.74808e-01
1.00000e-03 -5.72975e-01
1.00100e-03 -5.71152e-01
1.00200e-03 -5.69338e-01
1.00300e-03 -5.67533e-01
1.00400e-03 -5.65736e-01
1.00500e-03 -5.63948e-01
1.00600e-03 -5.62169e-01
1.00700e-03 -5.60398e-01
1.00800e-03 -5.58637e-01
1.00900e-03 -5.56883e-01
1.01000e-03 -5.55138e-01
1.01100e-03 -5.53402e-01
1.01200e-03 -5.51674e-01
1.01300e-03 -5.49955e-01
1.01400e-03 -5.48243e-01
1.01500e-03 -5.46540e-01
1.01600e-03 -5.44845e-01
1.01700e-03 -5.43159e-01
1.01800e-03 -5.41480e-01
1.01900e-03 -5.39810e-01
1.02000e-03 -5.38147e-01
1.02100e-03 -5.36493e-01
1.02200e-03 -5.34846e-01
1.02300e-03 -5.33207e-01
1.02400e-03 -5.31577e-01
1.02500e-03 -5.29954e-01
1.02600e-03 -5.28338e-01
1.02700e-03 -5.26731e-01
1.02800e-03 -5.25131e-01
1.02900e-03 -5.23538e-01
1.03000e-03 -5.21953e-01
1.03100e-03 -5.20376e-01
1.03200e-03 -5.18806e-01
1.03300e-03 -5.17244e-01
1.03400e-03 -5.15689e-01
1.03500e-03 -5.14142e-01
1.03600e-03 -5.12601e-01
1.03700e-03 -5.11068e-01
1.03800e-03 -5.09542e-01
1.03900e-03 -5.08024e-01
1.04000e-03 -5.06512e-01
1.04100e-03 -5.05008e-01
1.04200e-03 -5.03511e-01
1.04300e-03 -5.02020e-01
1.04400e-03 -5.00537e-01
1.04500e-03 -1.00000e+00
1.04600e-03 -1.00000e+00
1.04700e-03 -1.00000e+00
1.04800e-03 -1.00000e+00
1.04900e-03 -1.00000e+00
1.05000e-03 -1.00000e+00
1.05100e-03 -1.00000e+00
1.05200e-03 -1.00000e+00
1.05300e-03 -1.00000e+00
1.05400e-03 -1.00000e+00
1.05500e-03 -1.00000e+00
1.05600e-03 -1.00000e+00
1.05700e-03 -1.00000e+00
1.05800e-03 -1.00000e+00
1.05900e-03 -1.00000e+00
1.06000e-03 -1.00000e+00
1.06100e-03 -1.00000e+00
1.06200e-03 -1.00000e+00
1.06300e-03 -1.00000e+00
1.06400e-03 -1.00000e+00
1.06500e-03 -1.00000e+00
1.06600e-03 -1.00000e+00
1.06700e-03 -1.00000e+00
1.06800e-03 -1.00000e+00
1.06900e-03 -1.00000e+00
1.07000e-03 -1.00000e+00
1.07100e-03 -1.00000e+00
1.07200e-03 -1.00000e+00
1.07300e-03 -1.00000e+00
1.07400e-03 -1.00000e+00
1.07500e-03 -1.00000e+00
1.07600e-03 -1.00000e+00
1.07700e-03 -1.00000e+00
1.07800e-03 -1.00000e+00
1.07900e-03 -1.00000e+00
1.08000e-03 -1.00000e+00
1.08100e-03 -1.00000e+00
1.08200e-03 -1.00000e+00
1.08300e-03 -1.00000e+00
1.08400e-03 -1.00000e+00
1.08500e-03 -1.00000e+00
1.08600e-03 -1.00000e+00
1.08700e-03 -1.00000e+00
1.08800e-03 -1.00000e+00
1.08900e-03 -1.00000e+00
1.09000e-03 -1.00000e+00
1.09100e-03 -1.00000e+00
1.09200e-03 -1.00000e+00
1.09300e-03 -1.00000e+00
1.09400e-03 -1.00000e+00
1.09500e-03 -1.00000e+00
1.09600e-03 -1.00000e+00
1.09700e-03 -1.00000e+00
1.09800e-03 -1.00000e+00
1.09900e-03 -1.00000e+00
1.10000e-03 -1.00000e+00
1.10100e-03 -1.00000e+00
1.10200e-03 -1.00000e+00
1.10300e-03 -1.00000e+00
1.10400e-03 -1.00000e+00
1.10500e-03 -1.00000e+00
1.10600e-03 -1.00000e+00
1.10700e-03 -1.00000e+00
1.10800e-03 -1.00000e+00
1.10900e-03 -1.00000e+00
1.11000e-03 -1.00000e+00
1.11100e-03 -1.00000e+00
1.11200e-03 -1.00000e+00
1.11300e-03 -1.00000e+00
1.11400e-03 -1.00000e+00
1.11500e-03 -1.00000e+00
1.11600e-03 -1.00000e+00
1.11700e-03 -1.00000e+00
1.11800e-03 -1.00000e+00
1.11900e-03 -1.00000e+00
1.12000e-03 -1.00000e+00
1.12100e-03 -1.00000e+00
1.12200e-03 -1.00000e+00
1.12300e-03 -1.00000e+00
1.12400e-03 -1.00000e+00
1.12500e-03 -1.00000e+00
1.12600e-03 -1.00000e+00
1.12700e-03 -1.00000e+00
1.12800e-03 -1.00000e+00
1.12900e-03 -1.00000e+00
1.13000e-03 -1.00000e+00
1.13100e-03 -1.00000e+00
1.13200e-03 -1.00000e+00
1.13300e-03 -1.00000e+00
1.13400e-03 -1.00000e+00
1.13500e-03 -1.00000e+00
1.13600e-03 -1.00000e+00
1.13700e-03 -1.00000e+00
1.13800e-03 -1.00000e+00
1.13900e-03 -1.00000e+00
1.14000e-03 -1.00000e+00
1.14100e-03 -1.00000e+00
1.14200e-03 -1.00000e+00
1.14300e-03 -1.00000e+00
1.14400e-03 -1.00000e+00
1.14500e-03 -1.00000e+00
1.14600e-03 -1.00000e+00
1.14700e-03 5.00000e-02
